.001002311123222333
.001002311123322332
.001002311123332322
.001002311223122333
.001002311223132332
.001002311223312332
.001002312223112333
.002002122231113333
.002002122231133133
.002002122231333113
.002002322213331311
.002002322213311331
.002002322213111333
.002001322213211333
.002001322213231331
.002003122231233113
.002001322213321331
.002003122231123133
.002001322113221333
.002003122331223113
.002003122331123123
.002001322113321332
.002001321113222333
.002003123331223112
.001010211232223333
.001010211332223233
.001010211332233223
.001010211332333222
.001020311223122333
.001020311223132332
.001020311223312332
.001020312223112333
.002020122231113333
.002020122231133133
.002020122231333113
.002020322213331311
.002020322213311331
.002020322213111333
.002020122331233113
.002020322113231331
.002020322113211333
.002020122331123133
.002020322113321331
.002010322113221333
.002030122331223113
.002030122331123123
.002010322113321332
.002010321113222333
.002030123331223112
.001022310223112333
.002011320213221333
.002033120231223113
.002011320113222333
.002033120331223112
.001100211232223333
.001100211332223233
.001100211332233223
.001100211332333222
.001100213332123223
.001100213332133222
.001100221132223333
.001100221132233233
.001100221132333223
.001100231132333222
.001100221332133223
.001100221332213233
.001200312223112333
.002200122231113333
.002200122231133133
.002200122231333113
.002200322213331311
.002200322213311331
.002200322213111333
.002200122331233113
.002200322113231331
.002200322113211333
.002200122331123133
.002200322113321331
.002200123331223113
.002200321113221333
.002200112221133333
.002200112221333133
.002200112223113333
.002200132221333113
.002200332223331111
.002200332223311311
.002200332223111331
.002200332221333111
.002200312223111333
.002200112231233133
.002200332213211331
.002200112231123333
.002200112231323133
.002200332213321311
.002200112331223133
.002200332113221331
.002200112331233123
.002200332113321321
.002100321113222333
.002300123331223112
.001102310223122333
.001102310223132332
.002201320113221333
.002203120331223113
.001102311023222333
.001102311023322332
.001102311023332322
.001102312023122333
.001102331023122332
.001102331023312322
.002201322013211333
.002201322013231331
.002203122031233113
.002201322013321331
.002203122031123133
.002201332013221331
.002203112031223133
.002203112031233123
.002201332013321321
.001110212032223333
.001110212032233233
.001110213032233223
.001110213032333222
.001110221032223333
.001110221032233233
.001110221032333223
.001110231032333222
.001120312023122333
.002220122031113333
.002220122031133133
.002220122031333113
.002220322013331311
.002220322013311331
.002220322013111333
.002220123031233113
.002220321013211333
.002220112031233133
.002220332013211331
.002220112031123333
.002220112031323133
.002220332013321311
.001110212202233333
.001110212302223333
.001110212302233233
.001110213302223233
.001110213302233223
.001110213302323223
.001110213302333222
.001110221203223333
.001110221302223333
.001110221302233233
.001110221302333223
.001110231302333222
.001110222102233333
.001110222102323333
.001110222102333233
.001110222103223333
.001110222103322333
.001110223102233233
.001110223102333223
.001110233102233223
.001110233102333222
.001120311203222333
.001120311203322332
.001120311203332322
.001120312203122333
.001120312203132332
.001120331203122332
.001120331203312322
.001220311203122333
.001220311203132332
.001220311203312332
.001220312203112333
.002220122301113333
.002220122301133133
.002220122301333113
.002220322303331111
.002220322103331311
.002220322103311331
.002220322103111333
.002220121201133333
.002220123201133133
.002220123201333113
.002220323203331111
.002220323203311311
.002220321203311331
.002220321203111333
.002220123301233113
.002220321103231331
.002220321103211333
.002220112201133333
.002220112201333133
.002220112203113333
.002220132201333113
.002220332203331111
.002220332203311311
.002220332203111331
.002220332201333111
.002220312203111333
.002220112301233133
.002220332103211331
.002220112301123333
.002220112301323133
.002220332103321311
.002220111201323333
.002220111203123333
.002220113201323133
.002220333203321111
.002220333203121311
.002220111201332333
.002220111203132333
.002220111203312333
.002220113201132333
.002220113201332133
.002220133201132133
.002220133201332113
.002220333203312111
.002220333203132111
.002220333203112311
.002220333201332111
.002220333201132113
.002220331203312311
.002220331203112331
.002220311203312331
.002220311203112333
.002210322103211333
.002210322103231331
.002230122301233113
.002210322103321331
.002230122301123133
.002210321103221333
.002230123301223113
.002210332103221331
.002230112301223133
.002230112301233123
.002210332103321321
.002110322103221333
.002330122301223113
.002330122301123123
.002110322103321332
.002110321103222333
.002330123301223112
.012001320113222333
.012001320213221333
.021002310223112333
.023002130221332113
.023002130321332112
.012001322013221333
.012001322013321332
.021002311023122333
.021002311023132332
.021002311023312332
.023002133021332112
.023002133021132132
.012011320013222333
.021022310023112333
.023022130021332113
.012201320013221333
.021102310023122333
.021102310023132332
.023302130021332112
.021102310223102333
.012201322013201333
.021102311023302332
.021102331023102332
.023302133021302112
.023302113021302132
.220222100031113333
.220222100031133133
.220222100031333113
.220222300013331311
.220222300013311331
.220222300013111333
.220222100331033113
.220222300113031331
.220222300113011333
.220222100331103133
.220222300113301331
.220222103331003113
.220222301113001333
.223222033330001111
.223222033330011011
.223222033330111001
.223222033310311001
.223222033310031011
.223222033110331001
.223222033110031031
.223222031110331003
.220221302113001333
.220223102331003113
.223220132301330110
.223220132001330113
.220221300213011333
.220221300213031331
.220223100231033113
.220221300213301331
.220223100231103133
.223220133201330110
.223220133201130130
.220212302113001333
.220232102331003113
.223202132001330113
.220202100231113333
.220202100231133133
.220202100231333113
.220202300213331311
.220202300213311331
.220202300213111333
.223232033210311001
.223232033210031011
.220202100321113333
.220202100321133133
.220202100321333113
.220202300323331111
.220202300123331311
.220202300123311331
.220202300123111333
.220212300123011333
.220212300123031331
.220232100321033113
.220212300123301331
.220232100321103133
.220212301123001333
.220232103321003113
.223232033320001111
.223232033320011011
.223232033320111001
.223232033120311001
.223232033120031011
.223202133021330110
.223202133021130130
.223202130021330113
.220211302213001333
.220233102231003113
.223200132201330113
.220022102331033113
.220022302113031331
.220022302113011333
.223322032110331001
.220022100231113333
.220022100231133133
.220022100231333113
.220022300213331311
.220022300213311331
.220022300213111333
.220022103231033113
.220022301213011333
.220022110231033133
.220022330213011331
.220022110231103333
.220022110231303133
.220022330213301311
.223322033210311001
.223322033210031011
.223322003210331011
.223322003210311031
.220022100321113333
.220022100321133133
.220022100321333113
.220022300323331111
.220022300123331311
.220022300123311331
.220022300123111333
.220022103321033113
.220022301123031331
.220022301123011333
.220022110021133333
.220022110021333133
.220022110023113333
.220022130021333113
.220022330023331111
.220022330023311311
.220022330023111331
.220022330021333111
.220022310023111333
.220022110321033133
.220022330123011331
.220022110321103333
.220022110321303133
.220022330123301311
.220122301123001333
.220322103321003113
.223322033320001111
.223322033320011011
.223322033320111001
.223322033120311001
.223322033120031011
.223322031120331001
.223322003320311011
.223322003320031111
.223322003320131011
.223322003320013111
.223322003320113011
.223322003321003111
.223322013320113001
.223322003120331011
.223322003120311031
.223022130021330113
.220021302213011333
.220021302213031331
.220023102231033113
.223320132201330110
.220021302113021333
.220023102331023113
.220021300213321331
.220023100231123133
.220021330213021331
.220023110231023133
.223320133201320110
.223320113201320130
.220002102231113333
.220002102231133133
.220002102231333113
.220002302213331311
.220002302213311331
.220002302213111333
.223332032210311001
.220002101221133333
.220002103221133133
.220002103221333113
.220002303223331111
.220002303223311311
.220002301223311331
.220002301223111333
.220002110221133333
.220002110221333133
.220002110223113333
.220002130221333113
.220002330223331111
.220002330223311311
.220002330223111331
.220002330221333111
.220002310223111333
.220012301223011333
.220032103221033113
.223332033220001111
.223332033220011011
.223332033220111001
.223332031220311001
.223332003220311011
.223332003220031111
.223332003220131011
.220002101231123333
.220002303213321311
.220002110231123333
.220002110231323133
.220002330213321311
.223332033210021011
.223332003210321011
.220002101321132333
.220002103321132133
.220002103321332113
.220002303323312111
.220002303123312311
.220002301123312331
.220002301123112333
.220002110321132333
.220002110321332133
.220002130321332113
.220002330321332111
.220002330123312311
.220002330123112331
.220002310123112333
.220002111021332333
.220002111023132333
.220002111023312333
.220002113021132333
.220002113021332133
.220002133021132133
.220002133021332113
.220002333023312111
.220002333023132111
.220002333023112311
.220002333021332111
.220002333021132113
.220002331023312311
.220002331023112331
.220002311023312331
.220002311023112333
.220012300123112333
.220012300123312331
.220032100321332113
.220032100321132133
.220012301123012333
.220032103321032113
.220012330123012331
.220032110321032133
.220112300123012333
.220332100321032113
.220112301123002333
.223332033120012011
.223332033120112001
.223332030320012111
.223332031320012011
.223332031320112001
.223332031120312001
.223332003320012111
.223332003320112011
.223332003321002111
.223332013320112001
.223332003120312011
.223332000320132111
.223332000321032111
.223332001320132011
.223302133021302110
.223302113021302130
.223002130021332113
.201220312203110333
.203220132201330113
.230223102231003113
.201220311203120333
.230223100231023113
.201200312203112333
.203200132201332113
.201120312203120333
.230023102231023113
.201120312003122333
.230023102331023112
.201120311203320332
.201120331203120332
.203320133201320112
.203320113201320132
000.011211232223333
000.011211332223233
000.011211332233223
000.011211332333222
000.011221132223333
000.011221132233233
000.011221132333223
000.011231132333222
000.011221213223333
000.011221312223333
000.011221312233233
000.011221312333223
000.011231312333222
000.011221332133223
000.011221332213233
000.011222112233333
000.011222112323333
000.011222112333233
000.011222113223333
000.011222113322333
000.011223112233233
000.011223112333223
000.011233112233223
000.011233112333222
000.011222132213333
000.011222132313233
000.011222212331333
000.011222213231333
000.011222213321333
000.011222312231333
000.011222312331233
000.011223312231233
000.011223312331223
000.011233312231223
000.011233312331222
000.012311123222333
000.012311123322332
000.012311123332322
000.012311223122333
000.012311223132332
000.012311223312332
000.012331123122332
000.012331123312322
000.012331223112332
000.012331223312312
000.012333123112322
000.022122231113333
000.022122231133133
000.022122231333113
000.022322213331311
000.022322213311331
000.022322213111333
000.022122321113333
000.022122321133133
000.022122321333113
000.022322323331111
000.022322123331311
000.022322123311331
000.022322123111333
000.022122331233113
000.022322113231331
000.022322113211333
000.022122331123133
000.022322113321331
000.022112221133333
000.022112221333133
000.022112223113333
000.022132221333113
000.022332223331111
000.022332223311311
000.022332223111331
000.022332221333111
000.022312223111333
000.022112231233133
000.022332213211331
000.022112231123333
000.022112231323133
000.022332213321311
000.022112321233133
000.022332123211331
000.022112321123333
000.022112321323133
000.022332123321311
000.022112321132333
000.022112321332133
000.022132321332113
000.022332321332111
000.022332123312311
000.022332123112331
000.022312123112333
000.022112331223133
000.022332113221331
000.022112331233123
000.022332113321321
000.022111221323333
000.022111223123333
000.022113221323133
000.022333223321111
000.022333223121311
000.022111221332333
000.022111223132333
000.022111223312333
000.022113221132333
000.022113221332133
000.022133221132133
000.022133221332113
000.022333223312111
000.022333223132111
000.022333223112311
000.022333221332111
000.022333221132113
000.022331223312311
000.022331223112331
000.022311223312331
000.022311223112333
000.022111231223333
000.022333213221311
000.022111123322333
000.022113321322133
000.022333323122111
000.022333321322111
000.022311123122333
000.022111123332332
000.022111321332332
000.022111323132332
000.022113321132332
000.022113321332132
000.022133321132132
000.022133321332112
000.022333323112112
000.022333321312112
000.022333321132112
000.022333123312112
000.022333123112312
000.022331123312312
000.022331123112332
000.022311123312332
000.022311123132332
000.021322213211333
000.021322213231331
000.023122231233113
000.021322213321331
000.023122231123133
000.021322113221333
000.023122331223113
000.023122331123123
000.021322113321332
000.021332213221331
000.023112231223133
000.023112231233123
000.021332213321321
000.023112331223123
000.021332113221332
000.023112331233122
000.021332113321322
000.021333213221321
000101.211232223333
000101.211332223233
000101.211332233223
000101.211332333222
0001012.11223223333
000101231122322.333
0001012.11223322333
000101231122332233.
0001012311223322.33
0001012311223.22333
000101231122332.332
0001012.11223332332
00010123112233323.2
0001012311223332.32
00010123112233.2332
0001012311223.32332
00010123112.3222333
00010123112.3322332
00010123112.3332322
0001012311.23222333
0001012311.23322332
0001012.11323332322
0001012311323332.22
0001012311.23332322
00010.2311123222333
00010.2311123322332
00010.2311123332322
0001022.11123322333
000102231112332233.
0001022311123322.33
0001022311123.22333
0001022.11123332332
00010223111233323.2
0001022311123332.32
00010223111233.2332
0001022311123.32332
00010.2311223122333
00010.2311223132332
0001022.11223123333
000102231122312.333
0001022.11223132333
000102231122313233.
00010223112231.2333
00010223112.3122333
00010223112.3132332
0001022311.23122333
0001022.11323132332
0001022311.23132332
000102.311223122333
000102.311223132332
00010.2311223312332
0001022.11223312333
000102231122331233.
0001022311223312.33
0001022311223.12333
00010223112.3312332
0001022311.23312332
000102.311223312332
00010.2312223112333
0001022.12223113333
000102231222311.333
00010223122.3112333
0001022312.23112333
000102231.223112333
000102.312223112333
0002022.22113113333
0002022.22113311333
0002022.22113331331
0002022.22131113333
0002022.22333331111
0002022.22331333111
0002022.22331133113
0002022.22331113133
0002022.22313331311
0002022122.31113333
0002022122331113.33
00020221223.1113333
0002022122.31133133
000202212233113313.
00020221223311331.3
000202212233113.133
00020221223311.3133
00020221223.1133133
0002022122331133.13
0002022122.31333113
000202212233133311.
000202212233133.113
0002022122331.33113
00020221223.1333113
00020223223.3331111
0002022322313331.11
0002022322.13331311
00020223221133313.1
00020223221.3331311
0002022322113331.31
0002022322.13311331
000202232211331133.
000202232211331.331
00020223221133.1331
00020223221.3311331
0002022322113311.33
0002022322113.31331
0002022322.13111333
000202232211311.333
0002022322113.11333
00020223221.3111333
000202.122231113333
000202.122231133133
000202.122231333113
000202.322213331311
000202.322213311331
000202.322213111333
0002021.22213311333
000202132221331133.
0002021322213311.33
0002021322213.11333
0002021.22213331331
00020213222133313.1
0002021322213331.31
00020213222133.1331
0002021322213.31331
0002023.22231333111
000202312223133311.
000202312223113313.
0002023.22231133113
00020231222311331.3
0002023122231133.13
0002023122231.33113
0002023.22231113133
0002023122231113.33
00020231222311.3133
000202.122331233113
000202.322113231331
000202.322113211333
0002021.22113213333
000202132211321.333
0002021.22113231333
000202132211323133.
00020213221132.1333
00020213221.3211333
00020213221.3231331
0002021322.13211333
0002021.22313231331
0002021322.13231331
0002023.22331233111
000202312233123311.
000202312233123.113
0002023.22331213113
00020231223312.3113
00020231223.1233113
0002023122.31233113
000202.122331123133
000202.322113321331
0002021.22113321333
000202132211332133.
0002021322113321.33
0002021322113.21333
00020213221.3321331
0002021322.13321331
0002023.22331123113
00020231223311231.3
0002023122331123.13
0002023122331.23113
00020231223.1123133
0002023122.31123133
00020.2122231113333
00020.2122231133133
00020.2122231333113
00020.2322213331311
00020.2322213311331
00020.2322213111333
00020.1322213211333
00020.1322213231331
00020.3122231233113
0002011.22213231333
000201132221323133.
00020113222132.1333
0002033.22231233111
000203312223123311.
0002033.22231213113
00020331222312.3113
00020.1322213321331
00020.3122231123133
0002011.22213321333
000201132221332133.
0002011322213321.33
0002011322213.21333
0002033.22231123113
00020331222311231.3
0002033122231123.13
0002033122231.23113
00020.1322113221333
00020.3122331223113
0002011.22113223333
000201132211322.333
00020113221.3221333
0002011322.13221333
000201.322113221333
0002033.22331223111
000203312233122311.
00020331223.1223113
0002033122.31223113
000203.122331223113
0002011.22113322333
000201132211332233.
0002011322113322.33
0002011322113.22333
00020.3122331123123
000203312233112312.
00020331223.1123123
0002033122.31123123
000203.122331123123
00020.1322113321332
000201132211332.332
00020113221.3321332
0002011322.13321332
000201.322113321332
0002033.22331123112
00020331223311231.2
0002033122331123.12
0002033122331.23112
0002011.21213223333
000201132121322.333
000201132.213221333
0002033.23231223111
000203312323122311.
000203312.231223113
00020.1321113222333
00020113211.3222333
0002011321.13222333
000201132.113222333
000201.321113222333
0002033.23331222111
000203312333122211.
00020.3123331223112
000203312333122.112
00020331233.1223112
0002033123.31223112
000203312.331223112
000203.123331223112
000.101221132223333
000.101221132233233
000.101221132333223
000.101231132333222
000.102311123222333
000.102311123322332
000.102311123332322
000.102311223122333
000.102311223132332
000.102311223312332
000.102312223112333
000.102331123122332
000.102331123312322
000.102331223112332
000.102331223312312
000.202122231113333
000.202122231133133
000.202122231333113
000.202322213331311
000.202322213311331
000.202322213111333
000.202112221133333
000.202112221333133
000.202112223113333
000.202132221333113
000.202332223331111
000.202332223311311
000.202332223111331
000.202332221333111
000.202312223111333
000.202112231233133
000.202332213211331
000.202112231123333
000.202112231323133
000.202332213321311
000.201322213211333
000.201322213231331
000.203122231233113
000.201322213321331
000.203122231123133
000.201322113221333
000.203122331223113
000.203122331123123
000.201322113321332
000.201321113222333
000.203123331223112
000.201332213221331
000.203112231223133
000.203112231233123
000.201332213321321
000.203112331223123
000.201332113221332
000.203112331233122
000.201332113321322
000110.211232223333
000110.211332223233
000110.211332233223
000110.211332333222
0001102.11223223333
000110231122322.333
0001102.11223322333
000110231122332233.
0001102311223322.33
0001102311223.22333
000110231122332.332
0001102.11223332332
00011023112233323.2
0001102311223332.32
00011023112233.2332
0001102311223.32332
00011023112.3222333
00011023112.3322332
00011023112.3332322
0001102311.23222333
0001102311.23322332
0001102.11323332322
0001102311323332.22
0001102311.23332322
000110.213332123223
000110.213332133222
0001102.12223123333
000110231222312.333
0001102.12223132333
000110231222313233.
00011023122231.2333
00011023122.3122333
00011023122.3132332
0001102312.23122333
000110231.223122333
0001102.13223132332
000110231.223132332
000110.221132223333
000110.221132233233
000110.221132333223
000110.231132333222
0001102.31123222333
000110233112322233.
00011023.1123222333
000110233112332232.
0001102.31123322332
00011023311233223.2
0001102331123322.32
0001102331123.22332
000110233112.322332
00011023.1123322332
0001102.31123332322
0001102331123332.22
00011023311233.2322
000110233112.332322
00011023.1123332322
000110.221332133223
0001102.31223122333
000110233122312233.
00011023.1223122333
000110233122312.332
0001102.31223132332
00011023312231.2332
00011023.1223132332
00011023312.3122332
0001102331.23122332
000110.221332213233
0001102.31223312332
00011023312233123.2
0001102331223312.32
0001102331223.12332
000110233122.312332
00011023.1223312332
00011023312.3312322
0001102331.23312322
0001.02311123222333
0001.02311123322332
0001.02311123332322
0001.02311223122333
0001.02311223132332
0001.02311223312332
0001.02312223112333
0001202.12223113333
000120231222311.333
00012023122.3112333
000120.312223112333
0002202.12231113333
0002202.12231133133
0002202.12231333113
0002202.32231333111
0002202.32213331311
0002202.32213311331
0002202.32213111333
00022021122.1133333
000220211223113333.
0002202112231133.33
00022021122311.3333
00022021122.1333133
000220211223133313.
00022021122313331.3
00022021122313.3133
0002202112231.33133
00022021122.3113333
000220211223.113333
000220211223.133133
00022021.2231113333
00022021.2231133133
00022021.2231333113
000220213223133311.
00022021322.1333113
00022023322.3331111
0002202332213331.11
00022023322.3311311
000220233221331131.
00022023322133113.1
00022023322133.1311
0002202332213311.31
00022023322.3111331
000220233221311133.
0002202332213.11331
00022023322.1333111
000220233221.331311
000220233221.311331
00022023.2213331311
00022023.2213311331
00022023.2213111333
00022023122.3111333
000220.122231113333
000220.122231133133
000220.122231333113
000220.322213331311
000220.322213311331
000220.322213111333
0002201.22213311333
000220132221331133.
0002201322213311.33
0002201322213.11333
0002201.22213331331
00022013222133313.1
0002201322213331.31
00022013222133.1331
0002201322213.31331
0002203.22231333111
000220312223133311.
000220312223113313.
0002203.22231133113
00022031222311331.3
0002203122231133.13
0002203122231.33113
0002203.22231113133
0002203122231113.33
00022031222311.3133
000220.122331233113
000220.322113231331
000220.322113211333
0002201.22113213333
000220132211321.333
0002201.22113231333
000220132211323133.
00022013221132.1333
00022013221.3211333
00022013221.3231331
0002201322.13211333
0002201.22313231331
0002201322.13231331
0002203.22331233111
000220312233123311.
000220312233123.113
0002203.22331213113
00022031223312.3113
00022031223.1233113
0002203122.31233113
000220.122331123133
000220.322113321331
0002201.22113321333
000220132211332133.
0002201322113321.33
0002201322113.21333
00022013221.3321331
0002201322.13321331
0002203.22331123113
00022031223311231.3
0002203122331123.13
0002203122331.23113
00022031223.1123133
0002203122.31123133
000220.123331223113
000220.321113221333
0002201.21113223333
000220132111322.333
00022013211.3221333
000220132.113221333
0002203.23331223111
000220312333122311.
00022031233.1223113
000220312.331223113
000220.112221133333
000220.112221333133
000220.112223113333
000220.132221333113
000220.332223331111
000220.332223311311
000220.332223111331
000220.332221333111
000220.312223111333
000220.112231233133
000220.332213211331
0002201.32213211333
000220133221321133.
00022013.2213211333
0002201.32213231331
00022013322132.1331
00022013.2213231331
000220311223123313.
0002203.12231233113
00022031122312331.3
00022031.2231233113
00022031122312.3133
000220.112231123333
000220.112231323133
000220.332213321311
0002201.32213321331
00022013322133213.1
0002201332213321.31
0002201332213.21331
000220133221.321331
00022013.2213321331
0002203.12231123133
0002203112231123.33
0002203112231.23133
000220311223.123133
00022031.2231123133
000220.112331223133
000220.332113221331
0002201.32113221333
000220133211322133.
00022013.2113221333
00022013321.3221331
0002201332.13221331
0002203.12331223113
00022031123312231.3
00022031.2331223113
00022031123.1223133
0002203112.31223133
000220.112331233123
000220311233123312.
000220311233123.123
00022031123312.3123
00022031123.1233123
0002203112.31233123
000220.332113321321
000220133211332132.
00022013321.3321321
0002201332.13321321
0002203.12331123123
0002203112331123.23
0002203112331.23123
000220311233.123123
00022031.2331123123
0002201.32113321332
00022013321133213.2
0002201332113321.32
0002201332113.21332
000220133211.321332
00022013.2113321332
0002.02122231113333
0002.02122231133133
0002.02122231333113
0002.02322213331311
0002.02322213311331
0002.02322213111333
0002.01322213211333
0002.01322213231331
0002.03122231233113
0002.01322213321331
0002.03122231123133
0002.01322113221333
0002.03122331223113
0002.03122331123123
0002.01322113321332
0002.01321113222333
00021013211.3222333
000210.321113222333
0002303.23331222111
000230312333122211.
0002.03123331223112
000230312333122.112
00023031233.1223112
000230.123331223112
000.110211232223333
000.110211332223233
000.110211332233223
000.110211332333222
000.110212132223333
000.110212132233233
000.110213132233223
000.110213132333222
000.110213332123223
000.110213332133222
000.110221132223333
000.110221132233233
000.110221132333223
000.110231132333222
000.110221332133223
000.110221332213233
000.110222112233333
000.110222112323333
000.110222112333233
000.110222113223333
000.110222113322333
000.110223112233233
000.110223112333223
000.110233112233223
000.110233112333222
000.110222132213333
000.110222132313233
000.120311223122333
000.120311223132332
000.120311223312332
000.120312223112333
000.120331223112332
000.120331223312312
000.220122231113333
000.220122231133133
000.220122231333113
000.220322213331311
000.220322213311331
000.220322213111333
000.220122331233113
000.220322113231331
000.220322113211333
000.220122331123133
000.220322113321331
000.220121221133333
000.220123221133133
000.220123221333113
000.220323223331111
000.220323223311311
000.220321223311331
000.220321223111333
000.220123231233113
000.220321213211333
000.220121231123333
000.220323213321311
000.220123331223113
000.220321113221333
000.220112221133333
000.220112221333133
000.220112223113333
000.220132221333113
000.220332223331111
000.220332223311311
000.220332223111331
000.220332221333111
000.220312223111333
000.220112231233133
000.220332213211331
000.220112231123333
000.220112231323133
000.220332213321311
000.220112331223133
000.220332113221331
000.220112331233123
000.220332113321321
000.220111221323333
000.220111223123333
000.220113221323133
000.220333223321111
000.220333223121311
000.220111221332333
000.220111223132333
000.220111223312333
000.220113221132333
000.220113221332133
000.220133221132133
000.220133221332113
000.220333223312111
000.220333223132111
000.220333223112311
000.220333221332111
000.220333221132113
000.220331223312311
000.220331223112331
000.220311223312331
000.220311223112333
000.220111231223333
000.220333213221311
000.210322113221333
000.230122331223113
000.230122331123123
000.210322113321332
000.210321113222333
000.230123331223112
000.230112331223123
000.210332113221332
000.230112331233122
000.210332113321322
0001110.12222233333
0001110.12223223333
0001110.12223232333
0001110.12223322333
0001110.12223332332
0001110.12232223333
0001110.12232233233
0001110.12332223233
0001110.12332233223
00011102122.2233333
000111021223223333.
0001110212232233.33
00011102122322.3333
0001110212.32223333
0001110212332223.33
00011102123.2223333
0001110212.32233233
000111021233223323.
00011102123322332.3
000111021233223.233
00011102123322.3233
00011102123.2233233
0001110212332233.23
000111021.232223333
000111021.332223233
00011102133322232.3
00011102133.2223233
0001110213332223.23
000111021.332233223
000111021333223322.
000111021333223.223
00011102133322.3223
00011102133.2233223
0001110213.32233223
0001110213332233.22
000111021333232322.
0001110213332.23223
00011102133.2323223
000111021.332333222
000111021333233.222
00011102133323.3222
0001110213332.33222
00011102133.2333222
0001110213.32333222
0001110.21223223333
0001110.21232223333
0001110.21332223233
0001110.21332233223
0001110.21332333222
00011102212.3223333
000111022123.223333
0001110221.32223333
0001110221332223.33
00011102213.2223333
0001110221.32233233
000111022133223323.
00011102213322332.3
000111022133223.233
00011102213322.3233
00011102213.2233233
0001110221332233.23
0001110221.32333223
000111022133233322.
000111022133233.223
0001110221332.33223
00011102213.2333223
000111022133.223233
000111022133.233223
00011102.1232223333
00011102.1332223233
00011102.1332233223
00011102.1332333222
000111023133233.222
00011102313.2333222
0001110231.32333222
0001110.22123322333
0001110.22132223333
0001110.22132233233
0001110.22132323233
0001110.22132333223
0001110.23132233223
0001110.23132333222
00011102221.2233333
000111022213223333.
0001110222132233.33
00011102221322.3333
00011102221.2323333
0001110222132323.33
0001110222132.23333
00011102221.2333233
000111022213233323.
00011102221323332.3
00011102221323.3233
0001110222132.33233
00011102221.3223333
000111022213.223333
000111022213.233233
00011102221.3322333
000111022.132223333
000111022.132233233
000111022313223323.
00011102231322332.3
00011102231.2233233
0001110223132233.23
000111022.132333223
000111022313233322.
0001110223132.33223
00011102231.2333223
000111022313.233223
00011102.2132223333
00011102.2132233233
00011102.3132233223
000111023313223322.
00011102331.2233223
0001110233132233.22
00011102.3132333222
0001110233132.33222
00011102331.2333222
000111023.132333222
00011.0211232223333
00011.0211332223233
00011.0211332233223
00011.0211332333222
0001120.11223223333
000112031122322.333
0001120.11223322333
000112031122332233.
0001120311223322.33
0001120311223.22333
000112031122332.332
0001120.11223332332
00011203112233323.2
0001120311223332.32
00011203112233.2332
0001120311223.32332
00011203112.3222333
00011203112.3322332
00011203112.3332322
00011.0213332123223
00011.0213332133222
0001120.12223123333
000112031222312.333
0001120.12223132333
000112031222313233.
00011203122231.2333
00011203122.3122333
00011203122.3132332
0001120312.23122333
000112031.223122333
0001120.13223132332
000112031.223132332
00011.0221132223333
00011.0221132233233
00011.0221132333223
00011.0231132333222
00011.0221332133223
0001120.31223122333
000112033122312233.
00011203.1223122333
000112033122312.332
0001120.31223132332
00011203312231.2332
00011203.1223132332
00011203312.3122332
00011.0221332213233
0001120.31223312332
00011203312233123.2
0001120331223312.32
0001120331223.12332
000112033122.312332
00011203.1223312332
00011203312.3312322
0001.10211232223333
0001.10211332223233
0001.10211332233223
0001.10211332333222
0001.20311223122333
0001.20311223132332
0001220.11223123333
000122031122312.333
0001220.11223132333
000122031122313233.
00012203112231.2333
00012203112.3122333
00012203112.3132332
0001.20311223312332
0001220.11223312333
000122031122331233.
0001220311223312.33
0001220311223.12333
00012203112.3312332
0001.20312223112333
0001220.12223113333
000122031222311.333
00012203122.3112333
000122031.223112333
00012.0312223112333
0002220.22113113333
0002220.22113311333
0002220.22113331331
0002220.22131113333
0002220.22333331111
0002220.22331333111
0002220.22331133113
0002220.22331113133
0002220.22313331311
0002220122.31113333
0002220122331113.33
00022201223.1113333
0002220122.31133133
000222012233113313.
00022201223311331.3
000222012233113.133
00022201223311.3133
00022201223.1133133
0002220122331133.13
0002220122.31333113
000222012233133311.
000222012233133.113
0002220122331.33113
00022201223.1333113
00022203223.3331111
0002220322313331.11
0002220322.13331311
00022203221133313.1
00022203221.3331311
0002220322113331.31
0002220322.13311331
000222032211331133.
000222032211331.331
00022203221133.1331
00022203221.3311331
0002220322113311.33
0002220322113.31331
0002220322.13111333
000222032211311.333
0002220322113.11333
00022203221.3111333
0002220.21213311333
0002220.21231113333
0002220.21231133133
0002220.23231333111
0002220.23231133113
0002220.23213331311
0002220.23213311331
00022201212.1133333
000222012123113333.
0002220121231133.33
00022201212311.3333
000222012.231113333
000222012.231133133
000222012323113313.
00022201232311331.3
00022201232.1133133
0002220123231133.13
000222012.231333113
000222012323133311.
0002220123231.33113
00022201232.1333113
00022203232.3331111
0002220323213331.11
00022203232.3311311
000222032321331131.
00022203232133113.1
00022203232133.1311
0002220323213311.31
000222032.213331311
000222032.213311331
000222032121331133.
00022203212.3311331
0002220321213311.33
000222032.213111333
0002220321213.11333
00022203212.3111333
0002220.21113213333
0002220.21113231333
0002220.23331233111
0002220.23331213113
0002220.23113231331
000222012.331233113
000222012333123311.
000222012333123.113
00022201233312.3113
00022201233.1233113
0002220123.31233113
000222032.113231331
000222032111323133.
00022203211.3231331
000222032.113211333
000222032111321.333
00022203211132.1333
00022203211.3211333
0002220321.13211333
0002220.12231113333
0002220.12231133133
0002220.12231333113
0002220.32231333111
0002220.32213331311
0002220.32213311331
0002220.32213111333
00022201122.1133333
000222011223113333.
0002220112231133.33
00022201122311.3333
00022201122.1333133
000222011223133313.
00022201122313331.3
00022201122313.3133
0002220112231.33133
00022201122.3113333
000222011223.113333
000222011223.133133
00022201.2231113333
00022201.2231133133
00022201.2231333113
000222013223133311.
00022201322.1333113
00022203322.3331111
0002220332213331.11
00022203322.3311311
000222033221331131.
00022203322133113.1
00022203322133.1311
0002220332213311.31
00022203322.3111331
000222033221311133.
0002220332213.11331
00022203322.1333111
000222033221.331311
000222033221.311331
00022203.2213331311
00022203.2213311331
00022203.2213111333
00022203122.3111333
0002220.12331233113
0002220.32113231331
0002220.32113211333
0002220112.31233133
000222011233123313.
00022201123312331.3
000222011233123.133
00022201123312.3133
00022201123.1233133
00022201.2331233113
0002220332.13211331
000222033211321133.
000222033211321.331
00022203321132.1331
00022203321.3211331
00022203.2113231331
00022203.2113211333
0002220.12331123133
0002220.32113321331
0002220112.31123333
0002220112331123.33
00022201123.1123333
0002220112.31323133
0002220112331.23133
00022201123.1323133
000222011233.123133
00022201.2331123133
0002220332.13321311
00022203321133213.1
00022203321.3321311
0002220332113321.31
0002220332113.21331
000222033211.321331
00022203.2113321331
0002220.11221133333
0002220.11221313333
0002220.11221333133
0002220.11223113333
0002220.11223311333
0002220.13221133133
0002220.13221333113
0002220.33223331111
0002220.33223311311
0002220.33223133111
0002220.33223131311
0002220.33223111331
0002220.33221333111
0002220.33221133113
0002220.31223311331
0002220.31223111333
0002220111221.33333
000222011122133333.
00022201112213333.3
0002220111221333.33
000222011122133.333
00022201112213.3333
000222011122.133333
000222011122313333.
000222011122313.333
00022201112231.3333
000222011122.313333
0002220111223313.33
000222011122331.333
0002220111223.13333
000222011.221133333
000222011322113333.
0002220113221133.33
000222011322113.333
000222011.221333133
000222011322133313.
00022201132213331.3
000222011322133.133
00022201132213.3133
0002220113221.33133
000222011.223113333
000222011322.133133
00022201.1221133333
00022201.3221133133
000222013322113313.
00022201332211331.3
000222013322113.133
0002220133221133.13
00022201.3221333113
000222013322133311.
000222013322133.113
0002220133221.33113
000222013.221333113
00022203332233.1111
000222033322331111.
0002220333223311.11
000222033322331.111
0002220333223.31111
0002220333223131.11
000222033322313.111
0002220333223.11311
000222033322311131.
00022203332231113.1
000222033322311.311
00022203332231.1311
000222033322.331111
000222033322133.111
000222033322.311311
000222033322.133111
000222033322113311.
0002220333221133.11
0002220333221.33111
000222033322113.113
000222033.223331111
000222033.223311311
000222033122331131.
00022203312233113.1
000222033122331.311
0002220331223311.31
000222033.223111331
000222033122311133.
000222033122311.331
0002220331223.11331
000222033.221333111
000222033122.311331
00022203.3223331111
00022203.3223311311
00022203.1223311331
000222031122331133.
000222031122331.331
0002220311223311.33
00022203.1223111333
000222031122311.333
0002220311223.11333
000222031.223111333
0002220.11231123333
0002220.11231323133
0002220.33213321311
00022201112.1323333
0002220111231323.33
0002220111231.23333
00022201112.3123333
000222011123.123333
000222011.231123333
000222011.231323133
00022201132.1323133
00022201.1231123333
00022203332.3321111
0002220333213321.11
00022203332.3121311
0002220333213.21311
000222033321.321311
000222033.213321311
00022203.3213321311
00022201112.1332333
00022201112.3132333
00022201112.3312333
00022201132.1132333
00022201132.1332133
00022201332.1132133
00022201332.1332113
00022203332.3312111
00022203332.3132111
00022203332.3112311
00022203332.1332111
00022203332.1132113
00022203312.3312311
00022203312.3112331
00022203112.3312331
00022203112.3112333
00022.0122231113333
00022.0122231133133
00022.0122231333113
00022.0322213331311
00022.0322213311331
00022.0322213111333
00022.0122331233113
00022.0322113231331
00022.0322113211333
0002210.22113213333
000221032211321.333
0002210.22113231333
000221032211323133.
00022103221132.1333
00022103221.3211333
00022103221.3231331
0002230.22331233111
000223012233123311.
000223012233123.113
0002230.22331213113
00022301223312.3113
00022301223.1233113
00022.0122331123133
00022.0322113321331
0002210.22113321333
000221032211332133.
0002210322113321.33
0002210322113.21333
00022103221.3321331
0002230.22331123113
00022301223311231.3
0002230122331123.13
0002230122331.23113
00022301223.1123133
00022.0123331223113
00022.0321113221333
0002210.21113223333
000221032111322.333
00022103211.3221333
000221032.113221333
0002230.23331223111
000223012333122311.
00022301233.1223113
000223012.331223113
00022.0112221133333
00022.0112221333133
00022.0112223113333
00022.0132221333113
00022.0332223331111
00022.0332223311311
00022.0332223111331
00022.0332221333111
00022.0312223111333
00022.0112231233133
00022.0332213211331
00022.0112231123333
00022.0112231323133
00022.0332213321311
00022.0112331223133
00022.0332113221331
0002210.32113221333
000221033211322133.
00022103.2113221333
00022103321.3221331
0002230.12331223113
00022301123312231.3
00022301.2331223113
00022301123.1223133
00022.0112331233123
000223011233123312.
000223011233123.123
00022301123312.3123
00022301123.1233123
00022.0332113321321
000221033211332132.
00022103321.3321321
0002230.12331123123
0002230112331123.23
0002230112331.23123
000223011233.123123
00022301.2331123123
0002210.32113321332
00022103321133213.2
0002210332113321.32
0002210332113.21332
000221033211.321332
00022103.2113321332
0002.20122231113333
0002.20122231133133
0002.20122231333113
0002.20322213331311
0002.20322213311331
0002.20322213111333
0002.20122331233113
0002.20322113231331
0002.20322113211333
0002.20122331123133
0002.20322113321331
0002.10322113221333
0002.30122331223113
0002110.22113223333
000211032211322.333
00021103221.3221333
0002330.22331223111
000233012233122311.
00023301223.1223113
0002110.22113322333
000211032211332233.
0002110322113322.33
0002110322113.22333
0002.30122331123123
000233012233112312.
00023301223.1123123
0002.10322113321332
000211032211332.332
00021103221.3321332
0002330.22331123112
00023301223311231.2
0002330122331123.12
0002330122331.23112
0002.10321113222333
00021103211.3222333
000211032.113222333
00021.0321113222333
0002330.23331222111
000233012333122211.
0002.30123331223112
000233012333122.112
00023301233.1223112
000233012.331223112
00023.0123331223112
00.1002311123222333
00.1002311123322332
00.1002311123332322
00.1002311223122333
00.1002311223132332
00.1002311223312332
00.1002312223112333
00.2002122231113333
00.2002122231133133
00.2002122231333113
00.2002322213331311
00.2002322213311331
00.2002322213111333
00.2001322213211333
00.2001322213231331
00.2003122231233113
00.2001322213321331
00.2003122231123133
00.2001322113221333
00.2003122331223113
00.2003122331123123
00.2001322113321332
00.2001321113222333
00.2003123331223112
001.001221132223333
001.001221132233233
001.001221132333223
001.001231132333222
00120013211.3222333
001.001222112233333
001.001222112323333
001.001222112333233
001.001222113223333
001.001222113322333
001.001223112233233
001.001223112333223
001.001233112233223
001.001233112333222
0012001.22113223333
001200132211322.333
0012001.22113322333
001200132211332233.
0012001322113322.33
0012001322113.22333
001200132211332.332
001200132.113222333
001.001222132213333
001.001222132313233
00120013221.3221333
00120013221.3321332
001.001222212331333
001.001222213231333
001.001222213321333
001.001222312231333
001.001222312331233
001.001223312231233
001.001223312331223
001.001233312231223
001.001233312331222
0012001.22213231333
001200132221323133.
00120013222132.1333
0012001.22213321333
001200132221332133.
0012001322213321.33
0012001322213.21333
0012001322.13221333
0012001322.13321332
001200132.213221333
002.002112221133333
002.002112221333133
002.002112223113333
002.002132221333113
002.002332223331111
002.002332223311311
002.002332223111331
002.002332221333111
002.002312223111333
0021002.12223113333
002100231222311.333
0023002.32221333111
002300213222133311.
002300213222133.113
002.002112231123333
002.002112231323133
002.002332213321311
00210023122.3112333
00230021322.1332113
002.002111221323333
002.002111223123333
002.002113221323133
002.002333223321111
002.002333223121311
0021002.11223123333
002100231122312.333
002.002111221332333
002.002111223132333
002.002111223312333
002.002113221132333
002.002113221332133
002.002133221132133
002.002133221332113
002.002333223312111
002.002333223132111
002.002333223112311
002.002333221332111
002.002333221132113
002.002331223312311
002.002331223112331
002.002311223312331
002.002311223112333
0021002.11223132333
002100231122313233.
00210023112231.2333
0021002.11223312333
002100231122331233.
0021002311223312.33
0021002311223.12333
002100231.223112333
0023002.33221332111
002300213322133211.
002300213322113213.
0023002.33221132113
00230021332211321.3
0023002133221132.13
0023002133221.32113
002300213.221332113
00210023112.3122333
00210023112.3132332
00210023112.3312332
00230021332.1332112
00230021332.1132132
002.002111123322333
002.002113321322133
002.002333323122111
002.002333321322111
002.002311123122333
0021002.11123322333
002100231112332233.
0021002311123322.33
0021002311123.22333
0021002311.23122333
0023002.33321322111
002300213332132211.
002.002111123332332
002.002111321332332
002.002111323132332
002.002113321132332
002.002113321332132
002.002133321132132
002.002133321332112
002.002333323112112
002.002333321312112
002.002333321132112
002.002333123312112
002.002333123112312
002.002331123312312
002.002331123112332
002.002311123312332
002.002311123132332
0021002.11123332332
00210023111233323.2
0021002311123332.32
00210023111233.2332
0021002311123.32332
0021002.11323132332
0021002311.23132332
0021002311.23312332
0023002.33321312112
00230021333213.2112
0023002.33321132112
00230021333211321.2
0023002133321132.12
0023002133321.32112
0023002133.21332112
0023002133.21132132
002300213.321332112
00.1022310223112333
00.2011320213221333
00.2033120231223113
00.2011320113222333
00.2033120331223112
001.011220132223333
001.011220132233233
001.011220132333223
001.011230132333222
00120113201.3222333
001.011220213223333
001.011220312223333
001.011220312233233
001.011220312333223
001.011230312333222
0012011.20213223333
001201132021322.333
0012011320.13222333
001201.320113222333
001.012330123312322
00120.1320113222333
001.021320213221333
001.021330213221332
001.021330213321322
00120.1320213221333
002.022110221133333
002.022110221333133
002.022110223113333
002.022130221333113
002.022330223331111
002.022330223311311
002.022330223111331
002.022330221333111
002.022310223111333
0021022.10223113333
002102231022311.333
0023022.30221333111
002302213022133311.
002302213022133.113
002.022110231123333
002.022110231323133
002.022330213321311
00210223102.3112333
00230221302.1332113
002.022110321132333
002.022110321332133
002.022130321332113
002.022330321332111
002.022330123312311
002.022330123112331
002.022310123112333
0021022310.23112333
0023022.30321332111
002302213032133211.
0023022130.21332113
002102.310223112333
002302.130221332113
00210.2310223112333
00230.2130221332113
002.012330123112332
002.012330123312312
002.032130321332112
002.032110321332132
00230.2130321332112
00.1100211232223333
00.1100211332223233
00.1100211332233223
00.1100211332333222
00.1100213332123223
00.1100213332133222
00.1100221132223333
00.1100221132233233
00.1100221132333223
00.1100231132333222
00.1100221332133223
00.1100221332213233
00.1200312223112333
00.2200122231113333
00.2200122231133133
00.2200122231333113
00.2200322213331311
00.2200322213311331
00.2200322213111333
00.2200122331233113
00.2200322113231331
00.2200322113211333
00.2200122331123133
00.2200322113321331
00.2200123331223113
00.2200321113221333
00.2200112221133333
00.2200112221333133
00.2200112223113333
00.2200132221333113
00.2200332223331111
00.2200332223311311
00.2200332223111331
00.2200332221333111
00.2200312223111333
00.2200112231233133
00.2200332213211331
00.2200112231123333
00.2200112231323133
00.2200332213321311
00.2200112331223133
00.2200332113221331
00.2200112331233123
00.2200332113321321
00.2100321113222333
00.2300123331223112
00.1102310223122333
00.1102310223132332
00.2201320113221333
00.2203120331223113
001.201320113222333
0012201.20113223333
001220132011322.333
0012.01320113222333
00122013201.3221333
001.201320213221333
0012201320.13221333
0012.01320213221333
0021102.10223123333
002110231022312.333
002.102310223112333
002.302130221332113
0021102.10223132333
002110231022313233.
00211023102231.2333
0021.02310223112333
0023302.30221332111
002330213022133211.
0023.02130221332113
00211023102.3122333
00211023102.3132332
00233021302.1332112
0021102310.23122333
002.302130321332112
0021102.10323132332
0021102310.23132332
0023302130.21332112
0023.02130321332112
00.1102311023222333
00.1102311023322332
00.1102311023332322
00.1102312023122333
00.1102331023122332
00.1102331023312322
00.2201322013211333
00.2201322013231331
00.2203122031233113
00.2201322013321331
00.2203122031123133
00.2201332013221331
00.2203112031223133
00.2203112031233123
00.2201332013321321
001.201322013221333
001.201322013321332
001.201332013221332
001.201332013321322
0012201.22013231333
001220132201323133.
00122013220132.1333
0012201.22013321333
001220132201332133.
0012201322013321.33
0012201322013.21333
001220132.013221333
0012201.32013221333
001220133201322133.
00122013.2013221333
001220133201332132.
0012201.32013321332
00122013320133213.2
0012201332013321.32
0012201332013.21332
001220133201.321332
00122013.2013321332
0012.01322013221333
0012.01322013321332
002.102311023122333
002.302113021322133
0021102.11023322333
002110231102332233.
0021102311023322.33
0021102311023.22333
002110231.023122333
0021102.31023122333
002110233102312233.
00211023.1023122333
0021.02311023122333
0023302.33021322111
002330213302132211.
002330211302132213.
002.102311023132332
002.102311023312332
002.102331023112332
002.102331023312312
002.302133021332112
002.302133021132132
002.302113021332132
0021102.11023332332
00211023110233323.2
0021102311023332.32
00211023110233.2332
0021102311023.32332
0021102.13023132332
002110231.023132332
0021102.31023132332
00211023310231.2332
00211023.1023132332
0021102.31023312332
00211023310233123.2
0021102331023312.32
0021102331023.12332
002110233102.312332
00211023.1023312332
0021.02311023132332
0021.02311023312332
0023302.33021312112
00233021330213.2112
0023302.33021132112
00233021330211321.2
0023302133021132.12
0023302133021.32112
002330213.021332112
0023302.13021332112
00233021130213321.2
00233021.3021332112
00233021130213.2132
0023302.13021132132
0023302113021132.32
0023302113021.32132
002330211302.132132
00233021.3021132132
0023.02133021332112
0023.02133021132132
0.01002311123222333
0.01002311123322332
0.01002311123332322
0.01002311223122333
0.01002311223132332
0.01002311223312332
0.01002312223112333
0.02002122231113333
0.02002122231133133
0.02002122231333113
0.02002322213331311
0.02002322213311331
0.02002322213111333
0.02001322213211333
0.02001322213231331
0.02003122231233113
0.02001322213321331
0.02003122231123133
0.02001322113221333
0.02003122331223113
0.02003122331123123
0.02001322113321332
0.02001321113222333
0.02003123331223112
0.12001320113222333
0.12001320213221333
0.21002310223112333
0.23002130221332113
0.23002130321332112
011.001220132223333
011.001220132233233
011.001220132333223
011.001230132333222
01120013201.3222333
011.001220213223333
011.001220312223333
011.001220312233233
011.001220312333223
011.001230312333222
0112001.20213223333
011200132021322.333
0112001320.13222333
022.002110221133333
022.002110221333133
022.002110223113333
022.002130221333113
022.002330223331111
022.002330223311311
022.002330223111331
022.002330221333111
022.002310223111333
0221002.10223113333
022100231022311.333
0223002.30221333111
022300213022133311.
022300213022133.113
022.002110231123333
022.002110231323133
022.002330213321311
02210023102.3112333
02230021302.1332113
022.002110321132333
022.002110321332133
022.002130321332113
022.002330321332111
022.002330123312311
022.002330123112331
022.002310123112333
0221002310.23112333
0223002.30321332111
022300213032133211.
0223002130.21332113
0.12001322013221333
0.12001322013321332
0.21002311023122333
0.21002311023132332
0.21002311023312332
0.23002133021332112
0.23002133021132132
011.001222012233333
011.001222012323333
011.001222012333233
011.001222013223333
011.001222013322333
011.001223012233233
011.001223012333223
011.001233012233223
011.001233012333222
0112001.22013223333
011200132201322.333
0112001.22013322333
011200132201332233.
0112001322013322.33
0112001322013.22333
011200132201332.332
011200132.013222333
022.002111021332333
022.002111023132333
022.002111023312333
022.002113021132333
022.002113021332133
022.002133021132133
022.002133021332113
022.002333023312111
022.002333023132111
022.002333023112311
022.002333021332111
022.002333021132113
022.002331023312311
022.002331023112331
022.002311023312331
022.002311023112333
0221002.11023132333
022100231102313233.
02210023110231.2333
0221002.11023312333
022100231102331233.
0221002311023312.33
0221002311023.12333
022100231.023112333
0223002.33021332111
022300213302133211.
022300213302113213.
0223002.33021132113
02230021330211321.3
0223002133021132.13
0223002133021.32113
022300213.021332113
0.12011320013222333
0.21022310023112333
0.23022130021332113
011.011220032223333
011.011220032233233
011.011220032333223
011.011230032333222
01120113200.3222333
01120.1320013222333
01.2011320013222333
022.022110021133333
022.022110021333133
022.022110023113333
022.022130021333113
022.022330023331111
022.022330023311311
022.022330023111331
022.022330021333111
022.022310023111333
0221022.10023113333
022102231002311.333
0223022.30021333111
022302213002133311.
022302213002133.113
02210.2310023112333
02230.2130021332113
02.1022310023112333
02.3022130021332113
011.011220332203233
011.012330123302322
011.021330213302322
022.022110231103333
022.022110231303133
022.022330213301311
022.022110321103333
022.022110321303133
022.022330123301311
222.220100031113333
222.220100031133133
222.220100031333113
222.220300013331311
222.220300013311331
222.220300013111333
222.220110001133333
222.220110001333133
222.220110003113333
222.220130001333113
222.220330003331111
222.220330003311311
222.220330003111331
222.220330001333111
222.220310003111333
222.220110031033133
222.220330013011331
222.220110031103333
222.220110031303133
222.220330013301311
222.220111001303333
222.220111003103333
222.220113001303133
222.220333003301111
222.220333003101311
222.220111001330333
222.220111003130333
222.220111003310333
222.220113001130333
222.220113001330133
222.220133001130133
222.220133001330113
222.220333003310111
222.220333003130111
222.220333003110311
222.220333001330111
222.220333001130113
222.220331003310311
222.220331003110331
222.220311003310331
222.220311003110333
222.220111031003333
222.220333013001311
222.220111103300333
222.220113301300133
222.220333303100111
222.220333301300111
222.220311103100333
222.220111103330330
222.220111301330330
222.220111303130330
222.220113301130330
222.220113301330130
222.220133301130130
222.220133301330110
222.220333303110110
222.220333301310110
222.220333301130110
222.220333103310110
222.220333103110310
222.220331103310310
222.220331103110330
222.220311103310330
222.220311103130330
222.223033330001111
222.223033330011011
222.223033330111001
222.223033310311001
222.223033310031011
222.223003330311011
222.223003330031111
222.223003330131011
222.223003330013111
222.223003330113011
222.223003331003111
222.223013330113001
222.223003310331011
222.223003310311031
222.223000330331111
222.223000330133111
222.223000331033111
222.223001330133011
222.223000330113113
222.223000331013113
222.223000331103113
222.223001330013113
222.223001330113013
222.223011330013013
222.223011330113003
222.223000031333111
222.223000031133113
222.223001130133013
222.223011130133003
222.223000031113133
222.223000130113133
222.223001130113033
222.223011130013033
222022.100031113333
222022.100031133133
222022.100031333113
222022.300013331311
222022.300013311331
222022.300013111333
2220221.00013311333
222022130001331133.
2220221300013311.33
2220221300013.11333
2220221.00013331331
22202213000133313.1
2220221300013331.31
22202213000133.1331
2220221300013.31331
2220223.00031333111
222022310003133311.
222022310003113313.
2220223.00031133113
22202231000311331.3
2220223100031133.13
2220223100031.33113
2220223.00031113133
2220223100031113.33
22202231000311.3133
222022.100331033113
222022.300113031331
222022.300113011333
2220221.00113013333
222022130011301.333
2220221.00113031333
222022130011303133.
22202213001130.1333
22202213001.3011333
22202213001.3031331
2220221300.13011333
2220221.00313031331
2220221300.13031331
2220223.00331033111
222022310033103311.
222022310033103.113
2220223.00331013113
22202231003310.3113
22202231003.1033113
2220223100.31033113
222022.100331103133
222022.300113301331
2220221.00113301333
222022130011330133.
2220221300113301.33
2220221300113.01333
22202213001.3301331
2220221300.13301331
2220223.00331103113
22202231003311031.3
2220223100331103.13
2220223100331.03113
22202231003.1103133
2220223100.31103133
222022.103331003113
222022.301113001333
2220221.01113003333
222022130111300.333
22202213011.3001333
222022130.113001333
2220223.03331003111
222022310333100311.
22202231033.1003113
222022310.331003113
2223223.33301000111
2223223.33301100110
2223223.33301110100
22232230333.0001111
2223223033310001.11
22232230333.0011011
222322303331001101.
22232230333100110.1
22232230333100.1011
2223223033310011.01
22232230333.0111001
222322303331011100.
2223223033310.11001
222322.033330001111
222322.033330011011
222322.033330111001
222322.033310311001
2223220.33301300111
222322013330130011.
2223220.33301310110
22232201333013.0110
222322.033310031011
2223220.33301130110
22232201333011301.0
2223220133301130.10
2223220133301.30110
222322.033110331001
2223220.33001330111
222322013300133011.
22232201330.1330110
2223220133.01330110
222322.033110031031
222322013300113013.
22232201330.1130130
2223220133.01130130
2223220.33001130113
22232201330011301.3
2223220133001130.13
2223220133001.30113
222322013.301330110
2223220.30001333111
222322013000133311.
222322.031110331003
222322013000133.113
22232201300.1330113
222322013.001330113
222.202100031113333
222.202100031133133
222.202100031333113
222.202300013331311
222.202300013311331
222.202300013111333
222.202100331033113
222.202300113031331
222.202300113011333
222.202100331103133
222.202300113301331
222.202110001133333
222.202110001333133
222.202110003113333
222.202130001333113
222.202330003331111
222.202330003311311
222.202330003111331
222.202330001333111
222.202310003111333
222.202110031033133
222.202330013011331
222.202110031103333
222.202110031303133
222.202330013301311
222.202110331003133
222.202330113001331
222.202110331033103
222.202330113301301
222.202111001303333
222.202111003103333
222.202113001303133
222.202333003301111
222.202333003101311
222.202111001330333
222.202111003130333
222.202111003310333
222.202113001130333
222.202113001330133
222.202133001130133
222.202133001330113
222.202333003310111
222.202333003130111
222.202333003110311
222.202333001330111
222.202333001130113
222.202331003310311
222.202331003110331
222.202311003310331
222.202311003110333
222.202111031003333
222.202333013001311
222.232033330001111
222.232033330011011
222.232033330111001
222.232033310311001
222.232033310031011
222.232033110331001
222.232033110031031
222.232003330311011
222.232003330031111
222.232003330131011
222.232003330013111
222.232003330113011
222.232003331003111
222.232013330113001
222.232003310331011
222.232003310311031
222.232003110331031
222.232003110311033
222.232000330331111
222.232000330133111
222.232000331033111
222.232001330133011
222.232000330113113
222.232000331013113
222.232000331103113
222.232001330013113
222.232001330113013
222.232011330013013
222.232011330113003
2220202.00113113333
2220202.00113311333
2220202.00113331331
2220202.00131113333
2220202.00333331111
2220202.00331333111
2220202.00331133113
2220202.00331113133
2220202.00313331311
2220202100.31113333
2220202100331113.33
22202021003.1113333
2220202100.31133133
222020210033113313.
22202021003311331.3
222020210033113.133
22202021003311.3133
22202021003.1133133
2220202100331133.13
2220202100.31333113
222020210033133311.
222020210033133.113
2220202100331.33113
22202021003.1333113
22202023003.3331111
2220202300313331.11
2220202300.13331311
22202023001133313.1
22202023001.3331311
2220202300113331.31
2220202300.13311331
222020230011331133.
222020230011331.331
22202023001133.1331
22202023001.3311331
2220202300113311.33
2220202300113.31331
2220202300.13111333
222020230011311.333
2220202300113.11333
22202023001.3111333
22202.2100031113333
22202.2100031133133
22202.2100031333113
22202.2300013331311
22202.2300013311331
22202.2300013111333
22202.2100331033113
22202.2300113031331
22202.2300113011333
2220212.00113013333
222021230011301.333
2220212.00113031333
222021230011303133.
22202123001130.1333
22202123001.3011333
22202123001.3031331
2220232.00331033111
222023210033103311.
222023210033103.113
2220232.00331013113
22202321003310.3113
22202321003.1033113
22202.2100331103133
22202.2300113301331
2220212.00113301333
222021230011330133.
2220212300113301.33
2220212300113.01333
22202123001.3301331
2220232.00331103113
22202321003311031.3
2220232100331103.13
2220232100331.03113
22202321003.1103133
22202.2103331003113
22202.2301113001333
2220212.01113003333
222021230111300.333
22202123011.3001333
222021230.113001333
2220232.03331003111
222023210333100311.
22202321033.1003113
222023210.331003113
2223232.33301000111
2223232.33301100110
2223232.33301110100
22232320333.0001111
2223232033310001.11
22232320333.0011011
222323203331001101.
22232320333100110.1
22232320333100.1011
2223232033310011.01
22232320333.0111001
222323203331011100.
2223232033310.11001
2223232.33001300111
2223232.33001310110
2223232033.10311001
222323203311031100.
222323203311031.001
22232320331103.1001
22232320331.0311001
2223232.33001130110
2223232033.10031011
22232320331100310.1
22232320331.0031011
2223232033110031.01
2223232033110.31001
22232.2033330001111
22232.2033330011011
22232.2033330111001
22232.2033310311001
22232.2033310031011
22232.2033110331001
2223202.33001330111
222320213300133011.
22232021330.1330110
22232.2033110031031
222320213300113013.
22232021330.1130130
2223202.33001130113
22232021330011301.3
2223202133001130.13
2223202133001.30113
2223202.30001333111
222320213000133311.
22232.2031110331003
222320213000133.113
22232021300.1330113
222320213.001330113
222.200112001133333
222.200112001333133
222.200112003113333
222.200132001333113
222.200332003331111
222.200332003311311
222.200332003111331
222.200332001333111
222.200312003111333
222.200112031103333
222.200112031303133
222.200332013301311
222.200112301130333
222.200112301330133
222.200132301330113
222.200332301330111
222.200332103310311
222.200332103110331
222.200312103110333
222.201332013001331
222.203112031003133
222.201332013301301
222.233002330031111
222.233002330131011
222.233002330013111
222.233002330113011
222.233002331003111
222.233012330113001
222.233002310331011
222.233002130013113
222.233002130113013
222.233012130113003
222.230132301330110
222.230112301330130
22202.1302113001333
22202.3102331003113
2220211.02113003333
222021130211300.333
22202113021.3001333
2220211302.13001333
222021.302113001333
2220233.02331003111
222023310233100311.
22202331023.1003113
2220233102.31003113
222023.102331003113
22232.0132301330110
2223200.32301330111
222320013230133011.
2223200.32001333111
222320013200133311.
22232.0132001330113
222320013200133.113
22232001320.1330113
2223200132.01330113
222320.132001330113
222.022100031113333
222.022100031133133
222.022100031333113
222.022300013331311
222.022300013311331
222.022300013111333
222.022100331033113
222.022300113031331
222.022300113011333
222.022100331103133
222.022300113301331
222.022103331003113
222.022301113001333
222.022110001133333
222.022110001333133
222.022110003113333
222.022130001333113
222.022330003331111
222.022330003311311
222.022330003111331
222.022330001333111
222.022310003111333
222.022110031033133
222.022330013011331
222.022110031103333
222.022110031303133
222.022330013301311
222.022110331003133
222.022330113001331
222.022110331033103
222.022330113301301
222.322033330001111
222.322033330011011
222.322033330111001
222.322033310311001
222.322033310031011
222.322033110331001
222.322033110031031
222.322031110331003
222.322003330311011
222.322003330031111
222.322003330131011
222.322003330013111
222.322003330113011
222.322003331003111
222.322013330113001
222.322003310331011
222.322003310311031
222.322003110331031
222.322003110311033
2220022.00113113333
2220022.00113311333
2220022.00113331331
2220022.00131113333
2220022.00333331111
2220022.00331333111
2220022.00331133113
2220022.00331113133
2220022.00313331311
2220022100.31113333
2220022100331113.33
22200221003.1113333
2220022100.31133133
222002210033113313.
22200221003311331.3
222002210033113.133
22200221003311.3133
22200221003.1133133
2220022100331133.13
2220022100.31333113
222002210033133311.
222002210033133.113
2220022100331.33113
22200221003.1333113
22200223003.3331111
2220022300313331.11
2220022300.13331311
22200223001133313.1
22200223001.3331311
2220022300113331.31
2220022300.13311331
222002230011331133.
222002230011331.331
22200223001133.1331
22200223001.3311331
2220022300113311.33
2220022300113.31331
2220022300.13111333
222002230011311.333
2220022300113.11333
22200223001.3111333
2220022.01113013333
2220022.01113031333
2220022.03331033111
2220022.03331013113
2220022.03113031331
222002210.331033113
222002210333103311.
222002210333103.113
22200221033310.3113
22200221033.1033113
2220022103.31033113
222002230.113031331
222002230111303133.
22200223011.3031331
222002230.113011333
222002230111301.333
22200223011130.1333
22200223011.3011333
2220022301.13011333
2220022.10031113333
2220022.10031133133
2220022.10031333113
2220022.30031333111
2220022.30013331311
2220022.30013311331
2220022.30013111333
22200221100.1133333
222002211003113333.
2220022110031133.33
22200221100311.3333
22200221100.1333133
222002211003133313.
22200221100313331.3
22200221100313.3133
2220022110031.33133
22200221100.3113333
222002211003.113333
222002211003.133133
22200221.0031113333
22200221.0031133133
22200221.0031333113
222002213003133311.
22200221300.1333113
22200223300.3331111
2220022330013331.11
22200223300.3311311
222002233001331131.
22200223300133113.1
22200223300133.1311
2220022330013311.31
22200223300.3111331
222002233001311133.
2220022330013.11331
22200223300.1333111
222002233001.331311
222002233001.311331
22200223.0013331311
22200223.0013311331
22200223.0013111333
22200223100.3111333
2220022.10331033113
2220022.30113031331
2220022.30113011333
2220022110.31033133
222002211033103313.
22200221103310331.3
222002211033103.133
22200221103310.3133
22200221103.1033133
22200221.0331033113
2220022330.13011331
222002233011301133.
222002233011301.331
22200223301130.1331
22200223301.3011331
22200223.0113031331
22200223.0113011333
2220022.10331103133
2220022.30113301331
2220022110.31103333
2220022110331103.33
22200221103.1103333
2220022110.31303133
2220022110331.03133
22200221103.1303133
222002211033.103133
22200221.0331103133
2220022330.13301311
22200223301133013.1
22200223301.3301311
2220022330113301.31
2220022330113.01331
222002233011.301331
22200223.0113301331
2220.22100031113333
2220.22100031133133
2220.22100031333113
2220.22300013331311
2220.22300013311331
2220.22300013111333
2220.22100331033113
2220.22300113031331
2220.22300113011333
2220.22100331103133
2220.22300113301331
2220.22103331003113
2220.22301113001333
2220122.01113003333
222012230111300.333
22201223011.3001333
2220322.03331003111
222032210333100311.
22203221033.1003113
2223322.33301000111
2223322.33301100110
2223322.33301110100
22233220333.0001111
2223322033310001.11
22233220333.0011011
222332203331001101.
22233220333100110.1
22233220333100.1011
2223322033310011.01
22233220333.0111001
222332203331011100.
2223322033310.11001
2223322.33001300111
2223322.33001310110
2223322033.10311001
222332203311031100.
222332203311031.001
22233220331103.1001
22233220331.0311001
2223322.33001130110
2223322033.10031011
22233220331100310.1
22233220331.0031011
2223322033110031.01
2223322033110.31001
2223322.30001330111
222332203.110331001
222332203111033100.
22233220311.0331001
2223322.03330001111
2223322.03330011011
2223322.03330111001
2223322.03331000111
22233220033300.1111
222332200333001111.
2223322003330011.11
222332200333001.111
2223322003330.11011
222332200333011101.
22233220033301110.1
222332200333011.011
22233220033301.1011
222332200333.001111
222332200333100.111
222332200333.011011
22233220.3330001111
22233220.3330011011
22233220.3330111001
222332201333011100.
222332201333011.001
2223322.03310311001
22233220033.0311011
222332200331031101.
22233220033103110.1
22233220033103.1011
22233220.3310311001
2223322.03310031011
22233220033.0031111
2223322003310031.11
22233220033.0131011
2223322003310.31011
222332200331.031011
22233220.3310031011
22233220033.0013111
22233220033.0113011
22233220033.1003111
22233220133.0113001
2223322.03110331001
2223322003.10331011
22233220031103310.1
22233220031.0331011
22233220.3110331001
2223322003.10311031
222332200311031103.
222332200311031.031
22233220031103.1031
22233220031.0311031
2223322.03110031031
2223322003110031.31
2223322003110.31031
222332200311.031031
22233220.3110031031
2223.22033330001111
2223.22033330011011
2223.22033330111001
2223.22033310311001
2223.22033310031011
2223.22033110331001
2223.22033110031031
2223022.30001333111
222302213000133311.
2223.22031110331003
222302213000133.113
22230221300.1330113
222.021302113001333
222.023102331003113
222.320132301330110
222.320132001330113
222002.102331033113
222002.302113031331
222002.302113011333
2220021.02113013333
222002130211301.333
2220021.02113031333
222002130211303133.
22200213021130.1333
22200213021.3011333
22200213021.3031331
2220021302.13011333
2220021.02313031331
2220021302.13031331
2220023.02331033111
222002310233103311.
222002310233103.113
2220023.02331013113
22200231023310.3113
22200231023.1033113
2220023102.31033113
2220.21302113001333
2220.23102331003113
222332.032110331001
2223320.32001330111
222332013200133011.
22233201320.1330110
2223320132.01330110
2223.20132301330110
2223.20132001330113
222.021300213011333
222.021300213031331
222.023100231033113
222.021300213301331
222.023100231103133
222.021330213001331
222.023110231003133
222.023110231033103
222.021330213301301
222.320133201330110
222.320133201130130
222.320113201330130
222.320113201300133
222002.100231113333
222002.100231133133
222002.100231333113
222002.300213331311
222002.300213311331
222002.300213111333
2220021.00213311333
222002130021331133.
2220021300213311.33
2220021300213.11333
2220021.00213331331
22200213002133313.1
2220021300213331.31
22200213002133.1331
2220021300213.31331
2220023.00231333111
222002310023133311.
222002310023113313.
2220023.00231133113
22200231002311331.3
2220023100231133.13
2220023100231.33113
2220023.00231113133
2220023100231113.33
22200231002311.3133
222002.103231033113
222002.301213011333
222002130.213011333
2220021.03213031331
222002130.213031331
2220023.03231033111
222002310323103311.
222002310.231033113
222002.110231033133
222002.330213011331
2220021.30213011333
222002133021301133.
22200213.0213011333
2220021.30213031331
22200213302130.1331
22200213.0213031331
222002311023103313.
2220023.10231033113
22200231102310331.3
22200231.0231033113
22200231102310.3133
222002.110231103333
222002.110231303133
222002.330213301311
2220021.30213301331
22200213302133013.1
2220021330213301.31
2220021330213.01331
222002133021.301331
22200213.0213301331
2220023.10231103133
2220023110231103.33
2220023110231.03133
222002311023.103133
22200231.0231103133
2220.21300213011333
2220.21300213031331
2220.23100231033113
2220.21300213301331
2220.23100231103133
222332.033210311001
2223320.33201300111
222332013320130011.
2223320.33201310110
22233201332013.0110
222332.033210031011
2223320.33201130110
22233201332011301.0
2223320133201130.10
2223320133201.30110
222332013.201330110
222332.003210331011
2223320.13201330110
22233201132013301.0
22233201.3201330110
222332.003210311031
222332011320130013.
22233201132013.0130
2223320.13201130130
2223320113201130.30
2223320113201.30130
222332011320.130130
22233201.3201130130
2223.20133201330110
2223.20133201130130
222.002100231113333
222.002100231133133
222.002100231333113
222.002300213331311
222.002300213311331
222.002300213111333
222.002103231033113
222.002301213011333
222.002110231033133
222.002330213011331
222.002110231103333
222.002110231303133
222.002330213301311
222.332033210311001
222.332033210031011
222.332003210331011
222.332003210311031
2220002.01213311333
2220002.01231113333
2220002.01231133133
2220002.03231333111
2220002.03231133113
2220002.03213331311
2220002.03213311331
22200021012.1133333
222000210123113333.
2220002101231133.33
22200021012311.3333
222000210.231113333
222000210.231133133
222000210323113313.
22200021032311331.3
22200021032.1133133
2220002103231133.13
222000210.231333113
222000210323133311.
2220002103231.33113
22200021032.1333113
22200023032.3331111
2220002303213331.11
22200023032.3311311
222000230321331131.
22200023032133113.1
22200023032133.1311
2220002303213311.31
222000230.213331311
222000230.213311331
222000230121331133.
22200023012.3311331
2220002301213311.33
222000230.213111333
2220002301213.11333
22200023012.3111333
2220002.10231113333
2220002.10231133133
2220002.10231333113
2220002.30231333111
2220002.30213331311
2220002.30213311331
2220002.30213111333
22200021102.1133333
222000211023113333.
2220002110231133.33
22200021102311.3333
22200021102.1333133
222000211023133313.
22200021102313331.3
22200021102313.3133
2220002110231.33133
22200021102.3113333
222000211023.113333
222000211023.133133
22200021.0231113333
22200021.0231133133
22200021.0231333113
222000213023133311.
22200021302.1333113
22200023302.3331111
2220002330213331.11
22200023302.3311311
222000233021331131.
22200023302133113.1
22200023302133.1311
2220002330213311.31
22200023302.3111331
222000233021311133.
2220002330213.11331
22200023302.1333111
222000233021.331311
222000233021.311331
22200023.0213331311
22200023.0213311331
22200023.0213111333
22200023102.3111333
22200.2100231113333
22200.2100231133133
22200.2100231333113
22200.2300213331311
22200.2300213311331
22200.2300213111333
22200.2103231033113
22200.2301213011333
22200123012.3011333
2220032.03231033111
222003210323103311.
22200321032.1033113
22200.2110231033133
22200.2330213011331
22200.2110231103333
22200.2110231303133
22200.2330213301311
2220.02100231113333
2220.02100231133133
2220.02100231333113
2220.02300213331311
2220.02300213311331
2220.02300213111333
2223332.33201000111
2223332.33201100110
2223332.33201110100
22233320332.0001111
2223332033210001.11
22233320332.0011011
222333203321001101.
22233320332100110.1
22233320332100.1011
2223332033210011.01
22233320332.0111001
222333203321011100.
2223332033210.11001
2223332.30201300111
222333203.210311001
222333203121031100.
22233320312.0311001
2223332.03210311001
22233320032.0311011
222333200321031101.
22233320032103110.1
22233320032103.1011
22233320.3210311001
2223332.03210031011
22233320032.0031111
2223332003210031.11
22233320032.0131011
2223332003210.31011
222333200321.031011
22233320.3210031011
22233.2033210311001
22233.2033210031011
22233.2003210331011
22233.2003210311031
2223.32033210311001
2223.32033210031011
222.002100321113333
222.002100321133133
222.002100321333113
222.002300323331111
222.002300123331311
222.002300123311331
222.002300123111333
222.002101021133333
222.002103021133133
222.002103021333113
222.002303023331111
222.002303023311311
222.002301023311331
222.002301023111333
222.002103321033113
222.002301123031331
222.002301123011333
222.002110021133333
222.002110021333133
222.002110023113333
222.002130021333113
222.002330023331111
222.002330023311311
222.002330023111331
222.002330021333111
222.002310023111333
222.002110321033133
222.002330123011331
222.002110321103333
222.002110321303133
222.002330123301311
222.002111021303333
222.002111023103333
222.002113021303133
222.002333023301111
222.002333023101311
222.002111021330333
222.002111023130333
222.002111023310333
222.002113021130333
222.002113021330133
222.002133021130133
222.002133021330113
222.002333023310111
222.002333023130111
222.002333023110311
222.002333021330111
222.002333021130113
222.002331023310311
222.002331023110331
222.002311023310331
222.002311023110333
222.012300123011333
222.012300123031331
222.032100321033113
222.012300123301331
222.032100321103133
222.012301123001333
222.032103321003113
222.012330123001331
222.032110321003133
222.032110321033103
222.012330123301301
222.332033320001111
222.332033320011011
222.332033320111001
222.332033120311001
222.332033120031011
222.332031320311001
222.332030320031111
222.332030320013111
222.332031320013011
222.332031320113001
222.332031120331001
222.332003320311011
222.332003320031111
222.332003320131011
222.332003320013111
222.332003320113011
222.332003321003111
222.332013320113001
222.332003120331011
222.332003120311031
222.332000320331111
222.332000320133111
222.332000321033111
222.332001320133011
222.332000320113113
222.332000321013113
222.332000321103113
222.332001320013113
222.332001320113013
222.332011320013013
222.332011320113003
222.302133021330110
222.302133021130130
222.302130021330113
222.302113021330130
222.302113021300133
2220002.01121133333
2220002.01123113333
2220002.01123131333
2220002.01123311333
2220002.01123331331
2220002.01321113333
2220002.01321133133
2220002.03323331111
2220002.03323313111
2220002.03323311311
2220002.03321333111
2220002.03321313113
2220002.03321133113
2220002.03321113133
2220002.03123331311
2220002.03123311331
2220002101.21133333
222000210132113333.
2220002101321133.33
222000210132113.333
22200021013211.3333
222000210.321113333
2220002103321113.33
222000210.321133133
222000210332113313.
22200021033211331.3
222000210332113.133
22200021033211.3133
2220002103.21133133
2220002103321133.13
222000210.321333113
222000210332133311.
222000210332133.113
22200021033213.3113
2220002103321.33113
2220002103.21333113
22200023033233.1111
222000230332331111.
2220002303323311.11
222000230332331.111
2220002303.23331111
2220002303123331.11
2220002303.23311311
222000230312331131.
22200023031233113.1
222000230312331.311
22200023031233.1311
2220002303123311.31
222000230.323331111
222000230.123331311
22200023011233313.1
2220002301123331.31
222000230.123311331
222000230112331133.
222000230112331.331
22200023011233.1331
2220002301.23311331
2220002301123311.33
222000230112313133.
2220002301123.31331
222000230.123111333
222000230112311.333
22200023011231.1333
2220002301123.11333
2220002301.23111333
2220002.10123113333
2220002.10321113333
2220002.10321133133
2220002.10321333113
2220002.30323331111
2220002.30321333111
2220002.30123331311
2220002.30123311331
2220002.30123111333
2220002110.21133333
222000211032113333.
2220002110321133.33
222000211032113.333
22200021103211.3333
2220002110.21333133
222000211032133313.
22200021103213331.3
222000211032133.133
22200021103213.3133
2220002110321.33133
2220002110.23113333
222000211032.113333
222000211032.133133
22200021.0321113333
22200021.0321133133
22200021.0321333113
222000213032133311.
222000213032133.113
2220002130.21333113
222000233032.331111
222000233032133.111
2220002330.23331111
2220002330123331.11
2220002330.23311311
222000233012331131.
22200023301233113.1
222000233012331.311
22200023301233.1311
2220002330123311.31
2220002330.23111331
222000233012311133.
222000233012311.331
2220002330123.11331
2220002330.21333111
222000233012.331311
222000233012.311331
22200023.0323331111
22200023.0123331311
22200023.0123311331
22200023.0123111333
222000231012311.333
2220002310.23111333
2220002.11021133333
2220002.11021313333
2220002.11021333133
2220002.11023113333
2220002.11023311333
2220002.13021133133
2220002.13021333113
2220002.33023331111
2220002.33023311311
2220002.33023133111
2220002.33023131311
2220002.33023111331
2220002.33021333111
2220002.33021133113
2220002.31023311331
2220002.31023111333
2220002111021.33333
222000211102133333.
22200021110213333.3
2220002111021333.33
222000211102133.333
22200021110213.3333
222000211102.133333
222000211102313333.
222000211102313.333
22200021110231.3333
222000211102.313333
2220002111023313.33
222000211102331.333
2220002111023.13333
222000211.021133333
222000211302113333.
2220002113021133.33
222000211302113.333
222000211.021333133
222000211302133313.
22200021130213331.3
222000211302133.133
22200021130213.3133
2220002113021.33133
222000211.023113333
222000211302.133133
22200021.1021133333
22200021.3021133133
222000213302113313.
22200021330211331.3
222000213302113.133
2220002133021133.13
22200021.3021333113
222000213302133311.
222000213302133.113
2220002133021.33113
222000213.021333113
22200023330233.1111
222000233302331111.
2220002333023311.11
222000233302331.111
2220002333023.31111
2220002333023131.11
222000233302313.111
2220002333023.11311
222000233302311131.
22200023330231113.1
222000233302311.311
22200023330231.1311
222000233302.331111
222000233302133.111
222000233302.311311
222000233302.133111
222000233302113311.
2220002333021133.11
2220002333021.33111
222000233302113.113
222000233.023331111
222000233.023311311
222000233102331131.
22200023310233113.1
222000233102331.311
2220002331023311.31
222000233.023111331
222000233102311133.
222000233102311.331
2220002331023.11331
222000233.021333111
222000233102.311331
22200023.3023331111
22200023.3023311311
22200023.1023311331
222000231102331133.
222000231102331.331
2220002311023311.33
22200023.1023111333
222000231102311.333
2220002311023.11333
222000231.023111333
22200.2100321113333
22200.2100321133133
22200.2100321333113
22200.2300323331111
22200.2300123331311
22200.2300123311331
22200.2300123111333
2220012.00123113333
222001230012311.333
2220012.00123311333
222001230012331133.
2220012300123311.33
2220012300123.11333
222001230012331.331
2220012.00123331331
22200123001233313.1
2220012300123331.31
22200123001233.1331
2220012300123.31331
2220032.00321333111
222003210032133311.
222003210032133.113
222003210032113313.
2220032.00321133113
22200321003211331.3
2220032100321133.13
2220032100321.33113
222003210032113.133
2220032.00321113133
2220032100321113.33
22200321003211.3133
22200.2103321033113
22200.2301123031331
22200.2301123011333
2220012.01123013333
222001230112301.333
2220012.01123031333
222001230112303133.
22200123011230.1333
2220012301.23011333
222001230.123011333
2220012.03123031331
222001230.123031331
2220032.03321033111
222003210332103311.
222003210332103.113
2220032.03321013113
22200321033210.3113
2220032103.21033113
222003210.321033113
22200.2110021133333
22200.2110021333133
22200.2110023113333
22200.2130021333113
22200.2330023331111
22200.2330023311311
22200.2330023111331
22200.2330021333111
22200.2310023111333
22200.2110321033133
22200.2330123011331
2220012.30123011333
222001233012301133.
22200123.0123011333
222001233012301.331
2220012.30123031331
22200123301230.1331
22200123.0123031331
222003211032103313.
2220032.10321033113
22200321103210331.3
22200321.0321033113
222003211032103.133
22200321103210.3133
22200.2110321103333
22200.2110321303133
22200.2330123301311
2220012.30123301331
22200123301233013.1
2220012330123301.31
2220012330123.01331
222001233012.301331
22200123.0123301331
2220032.10321103133
2220032110321103.33
2220032110321.03133
222003211032.103133
22200321.0321103133
2220.02100321113333
2220.02100321133133
2220.02100321333113
2220.02300323331111
2220.02300123331311
2220.02300123311331
2220.02300123111333
2220.12300123011333
2220.12300123031331
2220.32100321033113
2220112.00123013333
222011230012301.333
2220112.00123031333
222011230012303133.
22201123001230.1333
2220332.00321033111
222033210032103311.
222033210032103.113
2220332.00321013113
22203321003210.3113
2220.12300123301331
2220.32100321103133
2220112.00123301333
222011230012330133.
2220112300123301.33
2220112300123.01333
2220332.00321103113
22203321003211031.3
2220332100321103.13
2220332100321.03113
2220.12301123001333
2220.32103321003113
2220112.01123003333
222011230112300.333
222011230.123001333
22201.2301123001333
2220332.03321003111
222033210332100311.
222033210.321003113
22203.2103321003113
2223332.33020001111
2223332.33021000111
2223332.33021100110
2223332.33021110100
2223332033.20001111
2223332033120001.11
2223332033.20011011
222333203312001101.
22233320331200110.1
222333203312001.011
22233320331200.1011
2223332033120011.01
2223332033.20111001
222333203312011100.
222333203312011.001
2223332033120.11001
2223332.30320001111
2223332.30320011011
2223332.30321000111
2223332.30321100110
22233320303200.1111
222333203032001111.
2223332030320011.11
222333203032001.111
222333203.320001111
222333203.320011011
222333203132001101.
22233320313200110.1
222333203132001.011
2223332031320011.01
222333203.320111001
222333203132011100.
222333203132011.001
2223332031320.11001
2223332.30021300111
2223332.30021310110
222333203.120311001
222333203112031100.
222333203112031.001
22233320311203.1001
2223332031.20311001
2223332.03320001111
2223332.03320011011
2223332.03320111001
2223332.03321000111
22233320033200.1111
222333200332001111.
2223332003320011.11
222333200332001.111
2223332003320.11011
222333200332011101.
22233320033201110.1
222333200332011.011
22233320033201.1011
222333200332.001111
222333200332100.111
222333200332.011011
22233320.3320001111
22233320.3320011011
22233320.3320111001
222333201332011100.
222333201332011.001
2223332.03120311001
2223332003.20311011
222333200312031101.
22233320031203110.1
222333200312031.011
22233320031203.1011
22233320.3120311001
2223332.03120031011
2223332003.20031111
2223332003120031.11
2223332003.20131011
2223332003120.31011
222333200312.031011
22233320.3120031011
2223332.00320031111
2223332.00320131011
2223332000320.31111
2223332000320131.11
222333200032013.111
222333200032.031111
222333200032103.111
222333200.320031111
222333200.320131011
222333200132013.011
22233320.0320031111
2223332.00320013111
2223332.00320103111
2223332.00320113011
2223332.00321003111
2223332.00321103110
2223332.01320013011
2223332.01320113001
2223332000320.13111
222333200032011311.
22233320003201131.1
2223332000320113.11
22233320003201.3111
222333200032.013111
222333200032101311.
22233320003210.3111
222333200032.103111
222333200032110311.
2223332000321103.11
2223332000321.03111
222333200.320013111
222333200132001311.
2223332001320013.11
222333200.320113011
222333200132011301.
22233320013201130.1
22233320013201.3011
2223332001320.13011
222333200.321003111
222333200132.013011
22233320.0320013111
22233320.1320013011
222333201132001301.
22233320113200130.1
2223332011320013.01
22233320.1320113001
222333201132011300.
2223332011320.13001
222333201.320113001
22233.2033320001111
22233.2033320011011
22233.2033320111001
22233.2033120311001
2223302.33021300111
222330213302130011.
222330213302130.110
2223302.33021310110
22233021330213.0110
22233.2033120031011
2223302.33021130110
22233021330211301.0
2223302133021130.10
2223302133021.30110
22233.2031120331001
2223302.30021330111
222330213002133011.
222330213.021330110
22233.2003320311011
22233.2003320031111
22233.2003320131011
22233.2003320013111
22233.2003320113011
22233.2003321003111
22233.2013320113001
22233.2003120331011
2223302.13021330110
22233021130213301.0
22233021.3021330110
22233.2003120311031
222330211302130013.
222330211302130.130
22233021130213.0130
2223302.13021130130
2223302113021130.30
2223302113021.30130
222330211302.130130
22233021.3021130130
2223.32033320001111
2223.32033320011011
2223.32033320111001
2223.32033120311001
2223.32033120031011
2223.02133021330110
2223002.33021330111
222300213302133011.
2223.02133021130130
222300213302113013.
2223002.33021130113
22230021330211301.3
2223002133021130.13
2223002133021.30113
2223002.30021333111
222300213002133311.
2223.02130021330113
222300213002133.113
222300213.021330113
22230.2130021330113
22.0222100031113333
22.0222100031133133
22.0222100031333113
22.0222300013331311
22.0222300013311331
22.0222300013111333
22.0222100331033113
22.0222300113031331
22.0222300113011333
22.0222100331103133
22.0222300113301331
22.0222103331003113
22.0222301113001333
22.3222033330001111
22.3222033330011011
22.3222033330111001
22.3222033310311001
22.3222033310031011
22.3222033110331001
22.3222033110031031
22.3222031110331003
22.0221302113001333
22.0223102331003113
22.3220132301330110
22.3220132001330113
220.220112001133333
220.220112001333133
220.220112003113333
220.220132001333113
220.220332003331111
220.220332003311311
220.220332003111331
220.220332001333111
220.220312003111333
2201220.12003113333
220122031200311.333
2203220.32001333111
220322013200133311.
220322013200133.113
220.220112031103333
220.220112031303133
220.220332013301311
22012203120.3110333
22032201320.1330113
220.220112301130333
220.220112301330133
220.220132301330113
220.220332301330111
220.220332103310311
220.220332103110331
220.220312103110333
2201220312.03110333
2203220.32301330111
220322013230133011.
2203220132.01330113
223.223002330031111
223.223002330131011
223.223002330013111
223.223002330113011
223.223002331003111
223.223012330113001
2230223.02331003111
223022310233100311.
22302231023.1003113
223.223002130013113
223.223002130113013
223.223012130113003
2230223102.31003113
22.0221300213011333
22.0221300213031331
22.0223100231033113
22.0221300213301331
22.0223100231103133
22.3220133201330110
22.3220133201130130
220.220111201330333
220.220111203130333
220.220111203310333
220.220113201130333
220.220113201330133
220.220133201130133
220.220133201330113
220.220333203310111
220.220333203130111
220.220333203110311
220.220333201330111
220.220333201130113
220.220331203310311
220.220331203110331
220.220311203310331
220.220311203110333
2201220.11203130333
220122031120313033.
22012203112031.0333
2201220.11203310333
220122031120331033.
2201220311203310.33
2201220311203.10333
220122031.203110333
2203220.33201330111
220322013320133011.
220322013320113013.
2203220.33201130113
22032201332011301.3
2203220133201130.13
2203220133201.30113
220322013.201330113
223.223000230133111
223.223000231033111
223.223001230133011
2230223.00231033111
223022310023103311.
223.223000230113113
223.223000231013113
223.223000231103113
223.223001230013113
223.223001230113013
223.223011230013013
223.223011230113003
2230223.00231013113
22302231002310.3113
2230223.00231103113
22302231002311031.3
2230223100231103.13
2230223100231.03113
223022310.231003113
22.0211302213001333
22.0233102231003113
22.3200132201330113
220.200112201133333
220.200112201333133
220.200112203113333
220.200132201333113
220.200332203331111
220.200332203311311
220.200332203111331
220.200332201333111
220.200312203111333
2201200.12203113333
220120031220311.333
2203200.32201333111
220320013220133311.
220320013220133.113
22012.0312203110333
22032.0132201330113
223.233002230013111
223.233002230113011
223.233002231003111
223.233012230113001
2230233.02231003111
223023310223100311.
22302.3102231003113
220.200112031123333
220.200112031323133
220.200332013321311
220.200112301123333
220.200112301323133
220.200332103321311
223.233002330021111
223.233002330121011
22.0022102331033113
22.0022302113031331
22.0022302113011333
22.3322032110331001
22.0022100231113333
22.0022100231133133
22.0022100231333113
22.0022300213331311
22.0022300213311331
22.0022300213111333
22.0022103231033113
22.0022301213011333
22.0022110231033133
22.0022330213011331
22.0022110231103333
22.0022110231303133
22.0022330213301311
22.3322033210311001
22.3322033210031011
22.3322003210331011
22.3322003210311031
22.0022100321113333
22.0022100321133133
22.0022100321333113
22.0022300323331111
22.0022300123331311
22.0022300123311331
22.0022300123111333
22.0022103321033113
22.0022301123031331
22.0022301123011333
22.0022110021133333
22.0022110021333133
22.0022110023113333
22.0022130021333113
22.0022330023331111
22.0022330023311311
22.0022330023111331
22.0022330021333111
22.0022310023111333
22.0022110321033133
22.0022330123011331
22.0022110321103333
22.0022110321303133
22.0022330123301311
22.0122301123001333
22.0322103321003113
22.3322033320001111
22.3322033320011011
22.3322033320111001
22.3322033120311001
22.3322033120031011
22.3322031120331001
22.3322003320311011
22.3322003320031111
22.3322003320131011
22.3322003320013111
22.3322003320113011
22.3322003321003111
22.3322013320113001
22.3322003120331011
22.3322003120311031
22.3022130021330113
22.0021302213011333
22.0021302213031331
22.0023102231033113
22.3320132201330110
220.120312203110333
220.320132201330113
2201120.12203130333
220112031220313033.
22011203122031.0333
2201.20312203110333
2203320.32201330111
220332013220133011.
2203.20132201330113
2230023.02231033111
223002310223103311.
223.023102231003113
2230023.02231013113
22300231022310.3113
2230.23102231003113
22.0021302113021333
22.0023102331023113
2201120.12003123333
220112031200312.333
22011203120.3120333
2201120312.03120333
2230023.02331023111
223002310233102311.
22300231023.1023113
2230023102.31023113
22.0021300213321331
22.0023100231123133
22.0021330213021331
22.0023110231023133
22.3320133201320110
22.3320113201320130
220.120311203120333
220.320113201320133
2201120.11203320333
220112031120332033.
2201120311203320.33
2201120311203.20333
220112031.203120333
2201120.31203120333
220112033120312033.
22011203.1203120333
2201.20311203120333
2203320.33201320111
220332013320132011.
220332011320132013.
223.023100231023113
223.023110231023103
2230023.00231123113
22300231002311231.3
2230023100231123.13
2230023100231.23113
223002310.231023113
2230023.10231023113
22300231102310231.3
22300231.0231023113
2230.23100231023113
2.20222100031113333
2.20222100031133133
2.20222100031333113
2.20222300013331311
2.20222300013311331
2.20222300013111333
2.20222100331033113
2.20222300113031331
2.20222300113011333
2.20222100331103133
2.20222300113301331
2.20222103331003113
2.20222301113001333
2.23222033330001111
2.23222033330011011
2.23222033330111001
2.23222033310311001
2.23222033310031011
2.23222033110331001
2.23222033110031031
2.23222031110331003
2.20221302113001333
2.20223102331003113
2.23220132301330110
2.23220132001330113
2.20221300213011333
2.20221300213031331
2.20223100231033113
2.20221300213301331
2.20223100231103133
2.23220133201330110
2.23220133201130130
2.01220312203110333
2.03220132201330113
2.30223102231003113
200.220112201133333
200.220112201333133
200.220112203113333
200.220132201333113
200.220332203331111
200.220332203311311
200.220332203111331
200.220332201333111
200.220312203111333
2001220.12203113333
200122031220311.333
2003220.32201333111
200322013220133311.
200322013220133.113
233.223002230013111
233.223002230113011
233.223002231003111
233.223012230113001
2330223.02231003111
233022310223100311.
200.220112031123333
200.220112031323133
200.220332013321311
200.220112301123333
200.220112301323133
200.220332103321311
233.223002330021111
233.223002330121011
2.01220311203120333
2.30223100231023113
200.220111201323333
200.220111203123333
200.220113201323133
200.220333203321111
200.220333203121311
2001220.11203123333
200122031120312.333
233.223000230123111
233.223000231023111
233.223001230123011
2330223.00231023111
233022310023102311.
200.220111201332333
200.220111203132333
200.220111203312333
200.220113201132333
200.220113201332133
200.220133201132133
200.220133201332113
200.220333203312111
200.220333203132111
200.220333203112311
200.220333201332111
200.220333201132113
200.220331203312311
200.220331203112331
200.220311203312331
200.220311203112333
2001220.11203132333
200122031120313233.
20012203112031.2333
2001220.11203312333
200122031120331233.
2001220311203312.33
2001220311203.12333
200122031.203112333
2003220.33201332111
200322013320133211.
200322013320113213.
2003220.33201132113
20032201332011321.3
2003220133201132.13
2003220133201.32113
200322013.201332113
200.200112221133333
200.200112221333133
200.200112223113333
200.200132221333113
200.200332223331111
200.200332223311311
200.200332223111331
200.200332221333111
200.200312223111333
2001200.12223113333
200120031222311.333
2003200.32221333111
200320013222133311.
200320013222133.113
200.200112231123333
200.200112231323133
200.200332213321311
233.233002230021111
233.233002230121011
2.01200312203112333
2.03200132201332113
20012003122.3112333
20032001322.1332113
20012.0312203112333
20032.0132201332113
20.1200312203112333
20.3200132201332113
233.233002230012111
233.233002230112011
233.233002231002111
233.233012230112001
2330233.02231002111
233023310223100211.
