0001011211232223333
0001011211332223233
0001011211332233223
0001011211332333222
0001012311123222333
0001012311123322332
0001012311123332322
0001012311223122333
0001012311223132332
0001012311223312332
0001022311123122333
0001022311123132332
0001022311123312332
0001022311223112333
0001022311223312331
0001022312123112333
0001022312223111333
0001101221132223333
0001101221132233233
0001101221132333223
0001101231132333222
0001102311123222333
0001102311123322332
0001102311123332322
0001102311223122333
0001102311223132332
0001102311223312332
0001102312223112333
0001102331123122332
0001102331123312322
0001102331223112332
0001102331223312312
0001202312223111333
0001110211232223333
0001110211332223233
0001110211332233223
0001110211332333222
0001110212132223333
0001110212132233233
0001110213132233223
0001110213132333222
0001110213332123223
0001110213332133222
0001110221132223333
0001110221132233233
0001110221132333223
0001110231132333222
0001110221332133223
0001110221332213233
0001110222112233333
0001110222112323333
0001110222112333233
0001110222113223333
0001110222113322333
0001110223112233233
0001110223112333223
0001110233112233223
0001110233112333222
0001110222132213333
0001110222132313233
0001120311223122333
0001120311223132332
0001120311223312332
0001120312223112333
0001120331223112332
0001120331223312312
0001220311223112333
0001220311223312331
0001220312223111333
0012001321113222333
0012001322113221333
0012001322113321332
0012001322213211333
0012001322213231331
0012001322213321331
0012011320113222333
0012011320213221333
0012201320113221333
0012201322013211333
0012201322013231331
0012201322013321331
0012201332013221331
0012201332013321321
0112001320113222333
0112001320213221333
0112001322013221333
0112001322013321332
0112011320013222333
1110112300023222333
1110112300023322332
1110112300023332322
1110112300223022333
1110112300223032332
1110112300223302332
1110112302223002333
1112112022230003333
1112112022230033033
1112112022230333003
1112112322203330300
1112112322203300330
1112112322203000333
1112110322203200333
1112110322203230330
1112113022230233003
1112110322203320330
1112113022230023033
1112110322003220333
1112113022330223003
1112113022330023023
1112110322003320332
1112110320003222333
1112113023330223002
1110101200232223333
1110101200332223233
1110101200332233223
1110101200332333222
1110121300223022333
1110121300223032332
1110121300223302332
1110121302223002333
1112121022230003333
1112121022230033033
1112121022230333003
1112121322203330300
1112121322203300330
1112121322203000333
1112121022330233003
1112121322003230330
1112121322003200333
1112121022330023033
1112121322003320330
1112101322003220333
1112131022330223003
1112131022330023023
1112101322003320332
1112101320003222333
1112131023330223002
1110122301223002333
1112100321203220333
1112133021230223003
1112100321003222333
1112133021330223002
1110011200232223333
1110011200332223233
1110011200332233223
1110011200332333222
1110011203332023223
1110011203332033222
1110011220032223333
1110011220032233233
1110011220032333223
1110011230032333222
1110011220332033223
1110011220332203233
1110211302223002333
1112211022230003333
1112211022230033033
1112211022230333003
1112211322203330300
1112211322203300330
1112211322203000333
1112211022330233003
1112211322003230330
1112211322003200333
1112211022330023033
1112211322003320330
1112211023330223003
1112211320003220333
1112211002220033333
1112211002220333033
1112211002223003333
1112211032220333003
1112211332223330000
1112211332223300300
1112211332223000330
1112211332220333000
1112211302223000333
1112211002230233033
1112211332203200330
1112211002230023333
1112211002230323033
1112211332203320300
1112211002330223033
1112211332003220330
1112211002330233023
1112211332003320320
1112011320003222333
1112311023330223002
1110012301223022333
1110012301223032332
1112210321003220333
1112213021330223003
1110012300123222333
1110012300123322332
1110012300123332322
1110012302123022333
1110012330123022332
1110012330123302322
1112210322103200333
1112210322103230330
1112213022130233003
1112210322103320330
1112213022130023033
1112210332103220330
1112213002130223033
1112213002130233023
1112210332103320320
1110001202132223333
1110001202132233233
1110001203132233223
1110001203132333222
1110001220132223333
1110001220132233233
1110001220132333223
1110001230132333222
1110021302123022333
1112221022130003333
1112221022130033033
1112221022130333003
1112221322103330300
1112221322103300330
1112221322103000333
1112221023130233003
1112221320103200333
1112221002130233033
1112221332103200330
1112221002130023333
1112221002130323033
1112221332103320300
1110001202212233333
1110001202312223333
1110001202312233233
1110001203312223233
1110001203312233223
1110001203312323223
1110001203312333222
1110001220213223333
1110001220312223333
1110001220312233233
1110001220312333223
1110001230312333222
1110001222012233333
1110001222012323333
1110001222012333233
1110001222013223333
1110001222013322333
1110001223012233233
1110001223012333223
1110001233012233223
1110001233012333222
1110021300213222333
1110021300213322332
1110021300213332322
1110021302213022333
1110021302213032332
1110021330213022332
1110021330213302322
1110221300213022333
1110221300213032332
1110221300213302332
1110221302213002333
1112221022310003333
1112221022310033033
1112221022310333003
1112221322313330000
1112221322013330300
1112221322013300330
1112221322013000333
1112221020210033333
1112221023210033033
1112221023210333003
1112221323213330000
1112221323213300300
1112221320213300330
1112221320213000333
1112221023310233003
1112221320013230330
1112221320013200333
1112221002210033333
1112221002210333033
1112221002213003333
1112221032210333003
1112221332213330000
1112221332213300300
1112221332213000330
1112221332210333000
1112221302213000333
1112221002310233033
1112221332013200330
1112221002310023333
1112221002310323033
1112221332013320300
1112221000210323333
1112221000213023333
1112221003210323033
1112221333213320000
1112221333213020300
1112221000210332333
1112221000213032333
1112221000213302333
1112221003210032333
1112221003210332033
1112221033210032033
1112221033210332003
1112221333213302000
1112221333213032000
1112221333213002300
1112221333210332000
1112221333210032003
1112221330213302300
1112221330213002330
1112221300213302330
1112221300213002333
1112201322013200333
1112201322013230330
1112231022310233003
1112201322013320330
1112231022310023033
1112201320013220333
1112231023310223003
1112201332013220330
1112231002310223033
1112231002310233023
1112201332013320320
1112001322013220333
1112331022310223003
1112331022310023023
1112001322013320332
1112001320013222333
1112331023310223002
1102110321003222333
1102110321203220333
1120112301223002333
1123112031220332003
1123112031320332002
1102110322103220333
1102110322103320332
1120112300123022333
1120112300123032332
1120112300123302332
1123112033120332002
1123112033120032032
1102100321103222333
1120122301123002333
1123122031120332003
1102210321103220333
1120012301123022333
1120012301123032332
1123312031120332002
1120012301223012333
1102210322103210333
1120012300123312332
1120012330123012332
1123312033120312002
1123312003120312032
1002110321103222333
1220112301123002333
1223112031120332003
1220112300123012333
1002110322103221333
1002110322103321332
1002100321113222333
1220122301123001333
1223122031120331003
